2.09963 0.160287 1.70665
2.09786 0.0895026 1.68915
2.13391 0.0872849 1.70504
2.13833 0.152925 1.72144
2.09826 0.0531011 1.68163
2.13428 0.0537892 1.69811
2.13052 0.255928 2.07378
2.13143 0.280371 1.98296
2.13309 0.27036 1.85508
2.13379 0.251085 1.81159
2.13484 0.20937 1.75548
2.13078 0.0407305 2.20028
2.13051 0.0709312 2.20162
2.13029 0.109546 2.1927
2.13004 0.1669 2.1738
2.13021 0.219924 2.12377
2.09149 0.272234 2.07974
2.09245 0.298559 1.98347
2.09117 0.233265 2.13265
2.09101 0.175847 2.18505
2.09128 0.113826 2.20583
2.09153 0.0717522 2.21465
2.09422 0.287605 1.84802
2.09755 0.266687 1.80197
2.09608 0.221591 1.74233
2.09181 0.0392633 2.21375
0.0573633 0.26118 2.10167
0.0572614 0.27271 2.10199
0.159929 0.271783 2.17077
0.160291 0.230852 2.16963
0.144591 0.264756 2.16038
0.174814 0.262485 2.18721
0.218745 0.183242 2.26756
0.235114 0.104986 2.29508
0.241092 0.0600936 2.3029
0.241139 0.0255018 2.30194
0.221106 0.0262517 2.2682
0.220215 0.101314 2.26779
-2.83267 0.0305573 1.59503
-2.83282 0.0480243 1.59452
-3.68825 0.0248739 1.73106
-3.68823 0.021972 1.73168
-2.834 0.133659 1.6314
-2.83544 0.135349 1.74725
-3.68949 0.0377592 1.82292
-3.68864 0.0388406 1.75273
-2.8363 0.136915 1.81559
-2.83706 0.133703 1.87941
-3.69047 0.0358738 1.90336
-3.69 0.0372142 1.8644
-2.83766 0.129983 1.9303
-3.69084 0.0346398 1.93433
-2.83914 0.118062 2.05847
-2.8395 0.0825239 2.11248
-3.69214 0.0244156 2.04604
-3.69178 0.0310227 2.01273
0.677678 0.029267 2.30007
0.677369 0.0642204 2.30104
0.689315 0.0977699 1.30998
0.689677 0.0567633 1.30884
0.925252 0.057456 1.32184
0.922303 0.0983944 1.32295
0.690938 0.194976 1.34222
0.926368 0.183522 1.35439
0.686188 0.291756 1.45088
0.931902 0.289044 1.46242
0.684669 0.33092 1.54698
0.920028 0.331656 1.55648
0.683042 0.33072 1.67897
0.918431 0.331525 1.68598
0.678187 0.297831 2.09505
0.679897 0.323513 1.93877
0.915341 0.324443 1.94128
0.91367 0.299146 2.09407
0.677359 0.265056 2.18464
0.912858 0.266111 2.18265
0.676669 0.186131 2.27394
0.912444 0.18723 2.27046
0.677104 0.108902 2.29179
0.912885 0.110014 2.28781
0.91315 0.0653325 2.29706
0.913465 0.0304448 2.29559
1.15018 0.0580041 1.33771
1.14982 0.0989012 1.33885
1.15138 0.176546 1.36904
1.15946 0.289634 1.47532
1.14502 0.332587 1.56686
1.14347 0.332251 1.69335
-2.8346 0.041348 1.74368
-2.83323 0.0464776 1.62948
-3.68851 0.0241957 1.75239
-3.68935 0.021948 1.82198
1.14045 0.325336 1.94266
1.13881 0.300122 2.09245
1.13803 0.267156 2.17854
1.13764 0.18833 2.26434
1.13809 0.111128 2.28119
1.13836 0.0664604 2.28995
1.13867 0.0316166 2.28897
-2.83944 0.0400206 2.1368
-3.69226 0.016895 2.06134
1.36218 0.05851 1.35291
1.36182 0.0996117 1.35405
1.36339 0.176982 1.38374
1.3689 0.289821 1.48798
1.35709 0.333148 1.57706
1.35556 0.333184 1.70056
1.35261 0.32642 1.94437
1.35103 0.301029 2.09017
1.35026 0.268393 2.17476
1.3499 0.189348 2.25806
1.35036 0.11216 2.27441
1.35063 0.0674925 2.28316
1.35094 0.0327322 2.28219
1.54817 0.0585393 1.37977
1.54781 0.0995373 1.38091
1.55197 0.176952 1.40963
1.55754 0.289901 1.50988
1.54317 0.333295 1.59592
1.5417 0.333456 1.71493
1.53886 0.326942 1.94975
1.53733 0.301675 2.09104
1.5366 0.269136 2.17214
1.53628 0.190463 2.25245
1.53674 0.113289 2.2683
1.53702 0.0686349 2.27655
1.53732 0.0336902 2.27558
1.71847 0.0581076 1.41992
1.71552 0.0989739 1.42103
1.7197 0.176718 1.44826
1.72275 0.288637 1.54344
1.71361 0.333369 1.62409
1.71222 0.333421 1.73659
1.70954 0.327282 1.95792
1.70811 0.302539 2.09073
1.70745 0.269836 2.16732
1.70718 0.191288 2.24313
1.70765 0.114142 2.25798
1.70793 0.0695015 2.26574
1.70825 0.0346859 2.26427
1.86803 0.0574583 1.4628
1.86767 0.0985171 1.46395
1.86928 0.175998 1.48964
1.8724 0.288371 1.57884
1.86333 0.332968 1.65398
1.86203 0.333516 1.75899
1.85953 0.327793 1.96534
1.85822 0.303011 2.08915
1.85761 0.270735 2.16075
1.8574 0.192339 2.23106
1.85789 0.115221 2.24492
1.85818 0.0703061 2.25216
1.85849 0.0356021 2.2507
1.97521 0.0549274 1.58661
1.97622 0.0572419 1.50318
1.86652 0.0539933 1.58771
1.97587 0.0969722 1.50428
1.97753 0.171915 1.5279
1.97302 0.278077 1.61033
1.9718 0.31851 1.68145
1.97054 0.324441 1.77962
1.9682 0.319091 1.97247
1.96698 0.29541 2.08781
1.96642 0.264138 2.15444
1.96626 0.188172 2.22032
1.96674 0.11369 2.23275
1.96702 0.0705184 2.23955
1.96732 0.0368544 2.23811
2.06589 0.0377215 2.21888
2.06559 0.0702688 2.22029
2.07355 0.055282 1.58587
2.07397 0.0562383 1.55139
2.07363 0.0945633 1.55246
2.07533 0.167255 1.57402
2.07095 0.26959 1.64884
2.06983 0.301733 1.71723
2.06866 0.315517 1.80267
2.06654 0.310654 1.97798
2.06544 0.287841 2.08285
2.06501 0.250983 2.14282
2.06484 0.184422 2.20247
2.06531 0.112273 2.21396
2.07872 0.0553955 1.58594
2.07271 0.0533553 1.65531
2.09341 0.0537414 1.65509
2.09499 0.146771 1.67271
2.09303 0.0905619 1.66011
2.09475 0.16151 1.68212
-2.83922 0.0149427 2.1361
-3.69222 0.0126865 2.06122
0.160555 0.295273 2.10393
0.162281 0.321285 1.94615
0.165371 0.328367 1.69085
0.166611 0.32768 1.59083
0.169378 0.289603 1.45578
0.173439 0.213601 1.34669
0.172025 0.0927582 1.31379
0.172383 0.052207 1.31266
0.169383 0.0453329 1.56047
0.229663 0.0458334 1.56124
0.0688462 0.0509389 1.31581
0.0659009 0.0441896 1.55912
0.0571188 0.288852 2.10244
0.0588198 0.319806 1.9433
0.0618956 0.327148 1.689
0.0631539 0.326503 1.58749
0.0650895 0.288296 1.45692
0.0697071 0.21562 1.34243
0.0684862 0.091689 1.31694
-0.130892 0.0882805 1.32933
-0.130549 0.0493839 1.32824
-0.133312 0.0430503 1.55657
-0.139255 0.260537 2.09816
-0.141977 0.275798 2.09855
-0.137721 0.305518 1.94291
-0.134706 0.312722 1.69361
-0.133474 0.312309 1.5941
-0.131584 0.275763 1.46608
-0.127307 0.231128 1.35987
-0.835336 0.0794916 1.38267
-0.835033 0.0452473 1.38171
-0.837041 0.0406461 1.54758
-0.791991 0.207292 2.18592
-0.843739 0.196955 2.19247
-0.844011 0.227798 2.19333
-0.844131 0.241346 2.19371
-0.139155 0.249295 2.09785
-0.842334 0.268403 2.02946
-0.839147 0.275999 1.76602
-0.837925 0.284094 1.6614
-0.836369 0.290896 1.53059
-0.832019 0.28701 1.39051
-0.381309 0.0619861 1.29941
-0.586225 0.0710343 1.33258
-0.58548 0.278247 1.33938
-0.377957 0.269055 1.30475
-1.38987 0.0399415 1.47155
-1.98676 0.0369097 1.61293
-1.9818 0.0631712 1.61172
-1.38236 0.0719694 1.47004
-3.68933 0.0193249 1.8219
-0.620009 0.0813583 1.12741
-0.829669 0.0912713 1.12503
-0.829969 0.0902901 1.15
-0.659134 0.0821488 1.15194
-0.659013 0.082426 1.14194
-0.617598 0.0803824 1.14241
-0.506289 0.0742851 1.14365
-2.83379 0.129147 1.61728
-3.68853 0.0382757 1.74398
-2.83308 0.0470397 1.61649
-2.83294 0.0295728 1.617
-3.6884 0.0215402 1.74516
-3.68841 0.0244421 1.74454
-0.456924 0.0719283 1.12921
-0.461758 0.0333851 1.12807
-0.454174 0.0325285 1.14314
-0.449339 0.0709564 1.14428
-2.83331 0.103758 1.59657
-3.68834 0.0342557 1.73187
-2.83446 0.02584 1.74325
-0.430391 0.234237 1.17409
-0.44294 0.211222 1.15828
-0.442425 0.152995 1.15666
-0.432563 0.187235 1.17275
-1.10846 0.253432 1.79704
-1.11165 0.245838 2.06042
-1.10723 0.260952 1.69234
-1.10567 0.267465 1.56153
-1.10133 0.264444 1.42147
-0.614277 0.283206 1.15313
-0.619021 0.262397 1.13248
-0.623354 0.216061 1.09612
-0.452375 0.142669 1.13124
-0.627294 0.0832826 1.08736
-0.632188 0.0445431 1.09122
-0.624902 0.0425612 1.13126
-0.537009 0.0371921 1.14222
-1.10433 0.0537691 1.18051
-0.834862 0.0514353 1.15385
-0.834563 0.0525895 1.12888
-1.10403 0.0548944 1.15554
-1.10974 0.0433913 1.41569
-0.840199 0.0407984 1.38402
-1.10225 0.0779847 1.41425
-1.10198 0.0474012 1.4134
-1.10356 0.0437702 1.5443
-1.11277 0.142682 2.22255
-1.11299 0.167472 2.22324
-1.11317 0.187361 2.2238
-1.38845 0.233578 1.85254
-1.39164 0.225986 2.11583
-1.38722 0.240805 1.74799
-1.38566 0.247038 1.61692
-1.38132 0.244593 1.47688
-1.37575 0.248216 1.23251
-1.0959 0.270398 1.18667
-1.37537 0.232916 1.21209
-1.09539 0.254511 1.15623
-1.37447 0.187616 1.17083
-1.09443 0.202293 1.11478
-1.3761 0.0854094 1.16295
-1.09598 0.0917268 1.10666
-1.38363 0.0530527 1.16695
-1.1035 0.0568912 1.11059
-1.38447 0.0500171 1.23686
-1.38211 0.0436631 1.46925
-1.39243 0.157998 2.22694
-1.39233 0.0738141 2.27709
-1.97535 0.195523 1.41748
-1.97464 0.157454 1.38592
-1.97646 0.07331 1.38204
-1.98143 0.0471062 1.38324
-1.98442 0.0455709 1.41717
-1.39187 0.0212947 2.27563
-1.38149 0.0214296 2.27327
-1.37263 0.0417469 1.54083
-1.97687 0.0717911 1.416
-1.97711 0.0709485 1.43597
-1.98159 0.0399381 1.61108
-1.9889 0.0231538 2.21511
-1.98923 0.0608421 2.21566
-1.9919 0.124746 2.17841
-1.98874 0.178125 2.09543
-1.98646 0.196282 1.89843
-1.98296 0.201932 1.82017
-1.98438 0.206939 1.72223
-1.98048 0.204389 1.61719
-1.97567 0.201831 1.43965
-2.16045 0.179061 1.54019
-2.15982 0.14257 1.51417
-2.1591 0.0621752 1.51093
-2.18477 0.0368917 1.5114
-2.1851 0.0355967 1.53937
-2.15943 0.0608226 1.5389
-2.15962 0.0600908 1.55488
-2.16134 0.0532031 1.69918
-2.16115 0.0310365 1.69857
-2.16715 0.0172745 2.19468
-2.16747 0.053291 2.19519
-2.19348 0.114258 2.16456
-2.1672 0.165063 2.0968
-2.16535 0.18166 1.93526
-2.1646 0.186907 1.87091
-2.16364 0.191156 1.79053
-2.16256 0.18864 1.70446
-2.16073 0.18548 1.55837
-2.4971 0.154447 1.57674
-2.49654 0.123363 1.55338
-2.49593 0.0550756 1.55048
-2.49576 0.0336458 1.55138
-2.49606 0.0324916 1.57635
-2.49623 0.0538926 1.57544
-1.11537 0.142652 2.22302
-1.38177 0.0529067 2.27414
-2.49641 0.0532174 1.59042
-2.49797 0.0472008 1.72101
-2.4978 0.0282339 1.72048
-2.50323 0.0157816 2.16938
-2.5035 0.0462636 2.16973
-2.5036 0.0983762 2.14218
-2.5032 0.141631 2.08039
-2.50152 0.156068 1.93429
-2.50085 0.160559 1.87641
-2.49998 0.164316 1.80337
-2.499 0.162154 1.72531
-2.49735 0.159755 1.59339
-0.833966 0.0548689 1.07895
-0.829072 0.0935219 1.07509
-0.825195 0.22645 1.08886
-0.826036 0.272753 1.12515
-0.82659 0.29354 1.15573
-1.3729 0.073224 1.54171
-1.10719 0.161389 1.54754
0.228742 0.120855 1.56333
0.15436 0.281525 1.56688
-0.776583 0.22604 1.55353
-0.382703 0.240009 1.28987
-0.386312 0.0628452 1.28487
-0.425302 0.2229 1.18884
-0.447414 0.138977 1.15121
-0.595979 0.0735364 1.28252
-0.660688 0.0765277 1.28178
-0.662117 0.238237 1.28628
-0.660734 0.221407 1.18581
-0.659562 0.137632 1.14848
2.09126 0.216788 1.71663
2.09358 0.227356 1.73145
2.09334 0.0624806 1.65433
2.0806 0.262172 1.71076
2.08525 0.269525 1.74853
2.093 0.249859 1.76258
2.08097 0.248012 1.69087
2.07917 0.217164 1.64797
2.08261 0.165015 1.61505
2.08031 0.14713 1.60402
2.08091 0.0932294 1.59202
1.86568 0.0520807 1.65666
1.84498 0.0520713 1.65689
1.84323 0.0539706 1.58791
2.07867 0.062767 1.58514
1.97437 0.0530007 1.65606
1.84367 0.21582 1.64995
1.84252 0.260826 1.71221
2.0806 0.262172 1.71076
2.08097 0.248012 1.69087
2.07917 0.217164 1.64797
1.84199 0.267844 1.7504
2.08525 0.269525 1.74853
2.09499 0.146771 1.67271
1.84397 0.145329 1.67449
1.84491 0.0609977 1.65614
2.09334 0.0624806 1.65433
2.09303 0.0905619 1.66011
1.84283 0.215349 1.71894
2.09475 0.16151 1.68212
2.09126 0.216788 1.71663
1.84199 0.267844 1.7504
1.84199 0.248129 1.76435
2.093 0.249859 1.76258
2.08525 0.269525 1.74853
2.08031 0.14713 1.60402
1.84223 0.145784 1.60547
2.08261 0.165015 1.61505
1.84317 0.0613373 1.58712
2.08091 0.0932294 1.59202
2.07867 0.062767 1.58514
1.97437 0.0530007 1.65606
2.07271 0.0533553 1.65531
2.09341 0.0537414 1.65509
1.84498 0.0520713 1.65689
1.86568 0.0520807 1.65666
1.84491 0.0609977 1.65614
1.84397 0.145329 1.67449
1.84283 0.215349 1.71894
1.84199 0.248129 1.76435
1.84199 0.267844 1.7504
1.84252 0.260826 1.71221
1.84367 0.21582 1.64995
1.84223 0.145784 1.60547
1.84317 0.0613373 1.58712
1.84323 0.0539706 1.58791
1.84498 0.0520713 1.65689
2.07872 0.0553955 1.58594
2.07355 0.055282 1.58587
1.97521 0.0549274 1.58661
1.86652 0.0539933 1.58771
1.84323 0.0539706 1.58791
2.093 0.249859 1.76258
1.84199 0.248129 1.76435
2.09358 0.227356 1.73145
1.91991 -0.0182024 1.64868
2.10845 0.0579825 1.68841
1.91834 0.133132 1.65272
2.10756 0.129002 1.70133
2.10904 -0.0136255 1.69751
-0.974096 -0.174089 1.28277
-0.978617 0.260299 1.29438
-1.01207 -0.160171 1.19944
-1.01635 0.250194 1.21041
1.90086 -0.0171199 1.57929
1.90125 -0.0876492 1.60246
1.92038 -0.0871437 1.66487
1.89927 0.135416 1.58337
1.89821 0.204611 1.61027
1.91738 0.201113 1.67257
1.89717 0.252588 1.65163
1.91662 0.250677 1.69193
-1.04277 -0.114909 1.14511
-1.04612 0.207378 1.15373
1.90123 -0.13776 1.64119
1.92067 -0.137669 1.68155
-1.05616 -0.0434819 1.12179
-1.05804 0.137179 1.12662
-0.435808 0.212203 1.1623
-0.447724 0.141904 1.13519
-0.368303 0.265123 1.30295
-0.406032 0.255019 1.21898
-0.40176 -0.155346 1.20801
-0.363781 -0.169264 1.29134
-0.445844 -0.038657 1.13036
-0.432453 -0.110084 1.15368
2.10093 -0.136341 1.65001
2.11045 -0.136168 1.68422
2.09064 -0.0156196 1.58196
2.09104 -0.0861488 1.60512
2.088 0.206112 1.61293
2.08905 0.136916 1.58604
2.09686 0.254007 1.66044
2.10641 0.252178 1.6946
2.10952 -0.0859231 1.71562
2.10654 0.200332 1.72327
-0.8382 -0.163316 2.27806
-1.10755 -0.105209 2.30697
-0.839564 -0.145619 2.36571
-0.028253 -0.136494 2.3882
0.197379 -0.14627 2.26078
0.156857 -0.196861 2.19171
-1.19913 -0.0566305 2.32003
-1.10868 -0.0670148 2.36209
-0.300262 -0.18841 2.29686
-0.0946172 -0.137896 2.42031
-0.146933 -0.194417 2.19359
-1.23495 0.0133545 2.33044
-0.299056 -0.201316 2.21736
-0.00911128 -0.212833 2.13788
-0.0806387 -0.208482 2.17809
0.0617957 -0.212299 2.13988
-0.303639 0.231973 2.30811
-0.0979096 0.178386 2.42877
-0.305553 0.180101 2.48808
-0.0315454 0.179787 2.39665
0.0567738 0.270131 2.15277
0.152169 0.25354 2.20375
-1.10982 0.0276497 2.37665
-1.10952 -0.00127606 2.37587
-1.11035 0.0940287 2.3664
-1.2006 0.084295 2.3238
-0.151518 0.245975 2.20536
-1.11005 0.135005 2.31339
-0.841972 0.199007 2.28775
-0.842919 0.176668 2.37432
0.193774 0.200038 2.27003
-0.302746 0.249094 2.22941
-0.0141332 0.269597 2.15077
-0.0855356 0.261937 2.19067
-0.302156 -0.146189 2.47935
-0.648951 -0.131728 2.46793
-0.647171 -0.180266 2.37245
-0.840893 -0.101285 2.43102
-0.432783 -0.0564532 2.54109
-0.303744 -0.0561886 2.52985
-0.431102 -0.146367 2.48358
-0.650601 -0.0474727 2.52729
-0.842159 -0.0356732 2.47586
0.202971 -0.0716749 2.30896
-0.0226959 -0.0532846 2.4326
0.196766 -0.0566154 2.31329
-0.0228355 -0.0398726 2.43296
-0.645514 -0.192264 2.25891
-0.0233633 0.108094 2.43593
0.207825 0.138975 2.31068
-0.651276 0.214086 2.38299
-0.649932 0.232114 2.27025
-0.433092 0.229753 2.35135
-0.43185 0.248596 2.24565
-0.434477 0.177922 2.49225
-0.651857 0.0732348 2.53052
-0.843166 0.0610129 2.47844
-0.30524 0.0875394 2.53369
-0.434257 0.0850729 2.54487
0.200943 0.123099 2.31416
-0.0242337 0.0944471 2.43655
-0.651993 0.160532 2.47574
-0.84329 0.12892 2.43717
-0.0876115 0.0927422 2.4697
0.195055 0.107731 2.31768
-0.0240941 0.0810351 2.43619
-0.0860799 -0.0543889 2.46577
-0.0215421 -0.0668621 2.43125
0.21018 -0.0872269 2.30463
-0.428716 -0.190621 2.34012
-0.427141 -0.203807 2.23356
0.240114 0.026412 2.29708
0.195055 0.107731 2.31768
0.239381 0.103314 2.29412
-0.0806387 -0.208482 2.17809
-0.00911128 -0.212833 2.13788
-0.135072 -0.229405 2.08137
-0.836652 -0.190861 2.18414
-1.10608 -0.129859 2.21713
-0.8382 -0.163316 2.27806
-0.110792 -0.199898 2.18492
-0.146933 -0.194417 2.19359
0.196766 -0.0566154 2.31329
0.240979 -0.0502228 2.29002
0.202971 -0.0716749 2.30896
-0.0215421 -0.0668621 2.43125
-0.049868 -0.0535977 2.44725
-0.0226959 -0.0532846 2.4326
-1.35336 -0.0480597 2.26602
-1.10755 -0.105209 2.30697
-1.38914 0.0134151 2.2802
-1.19913 -0.0566305 2.32003
-0.645514 -0.192264 2.25891
-0.425533 -0.22408 2.12981
-0.299056 -0.201316 2.21736
-0.427141 -0.203807 2.23356
0.0625704 -0.221983 2.08982
-1.23495 0.0133545 2.33044
-1.35465 0.0760509 2.26934
-1.11005 0.135005 2.31339
-1.2006 0.084295 2.3238
-1.10915 0.164403 2.225
-0.841972 0.199007 2.28775
-0.0141332 0.269597 2.15077
0.0573193 0.282467 2.1033
0.0567738 0.270131 2.15277
-0.649932 0.232114 2.27025
-0.430722 0.274364 2.14314
-0.43185 0.248596 2.24565
-0.302746 0.249094 2.22941
-0.140448 0.287055 2.09518
-0.151518 0.245975 2.20536
-0.0240941 0.0810351 2.43619
-0.0513995 0.0935334 2.45118
-0.0242337 0.0944471 2.43655
-0.0855356 0.261937 2.19067
-0.115501 0.252505 2.19702
-0.841049 0.231515 2.19544
0.200943 0.123099 2.31416
0.207825 0.138975 2.31068
-0.0233633 0.108094 2.43593
0.0617957 -0.212299 2.13988
-0.0228355 -0.0398726 2.43296
0.21018 -0.0872269 2.30463
0.17725 -0.204043 2.16675
0.156857 -0.196861 2.19171
0.226369 -0.137821 2.25339
0.197379 -0.14627 2.26078
-0.0946172 -0.137896 2.42031
-0.0574197 -0.137124 2.40281
-0.060712 0.179158 2.41126
-0.0315454 0.179787 2.39665
-0.0876115 0.0927422 2.4697
-0.0860799 -0.0543889 2.46577
0.152169 0.25354 2.20375
0.172395 0.262373 2.17922
0.222931 0.192474 2.26222
0.193774 0.200038 2.27003
-0.0979096 0.178386 2.42877
-0.028253 -0.136494 2.3882
2.64386 0.0710611 1.98348
2.6439 0.0839111 1.9711
2.64443 0.0547383 1.95328
2.64422 0.0368306 1.98256
2.64398 0.0538231 1.98763
2.64479 0.0205078 1.95237
2.64452 0.0246583 1.96951
2.64501 0.0384235 1.92279
2.64497 0.0255655 1.93547
2.64465 0.072654 1.9237
2.64488 0.0556454 1.91924
2.64408 0.0889688 1.9542
2.64435 0.0848183 1.93706
2.14438 0.278131 1.82309
2.1423 0.309721 1.95319
2.14662 0.186582 1.72546
2.14843 0.0577132 1.68695
2.14932 -0.072649 1.71853
2.14904 -0.170268 1.81111
2.1477 -0.208741 1.93933
2.14561 -0.177165 2.06991
2.14094 0.271235 2.0819
2.14337 -0.0846019 2.16709
2.14067 0.174629 2.17402
2.14155 0.0438926 2.20559
2.59344 0.155033 1.95527
2.59291 0.140277 2.00538
2.36253 0.265417 1.95505
2.49292 0.215398 1.95551
2.36142 0.233555 2.0607
2.49207 0.191225 2.03572
2.19232 0.303109 1.95371
2.191 0.265725 2.07864
2.49191 0.130498 2.09321
2.59281 0.102362 2.04124
2.19074 0.171188 2.16831
2.36119 0.154413 2.13644
2.59315 0.0516587 2.05341
2.36192 0.0468646 2.16212
2.49246 0.0492542 2.11268
2.1916 0.0444999 2.19828
2.49359 -0.0308454 2.0889
2.59385 0.00167204 2.03855
2.19335 -0.0800354 2.16159
2.36341 -0.0587768 2.13074
2.59473 -0.034279 2.00071
2.36526 -0.134773 2.05086
2.49498 -0.0880236 2.02825
2.19553 -0.169663 2.067
2.49628 -0.10789 1.94686
2.59553 -0.046046 1.9499
2.19756 -0.200339 1.94025
2.36696 -0.159962 1.94368
2.59606 -0.0316003 1.90019
2.36807 -0.129109 1.83829
2.49713 -0.0837093 1.86635
2.19888 -0.162947 1.815
2.4973 -0.0233828 1.80885
2.59617 0.0063198 1.86413
2.19914 -0.0684106 1.72535
2.3683 -0.0489584 1.76228
2.59583 0.0570402 1.85146
2.36756 0.0581905 1.73709
2.49674 0.0578533 1.78998
2.19827 0.0578936 1.69566
2.49562 0.137961 1.81316
2.59512 0.10701 1.86682
2.19652 0.182813 1.73206
2.36608 0.164232 1.76798
2.59424 0.142955 1.90485
2.36424 0.239219 1.84814
2.49422 0.195539 1.87382
2.19434 0.272441 1.82664
-2.98692 -1.35412 1.97763
-3.0268 -1.38494 1.99398
-2.93734 -1.34424 1.99832
-3.17693 -1.33563 1.9764
-3.1774 -1.33657 2.01184
-3.18678 -1.36608 1.98857
-3.40709 -1.30763 1.98188
-3.20485 1.34676 2.0481
-3.05576 1.39754 2.06837
-3.21533 1.37636 2.06188
-3.20532 1.34582 2.08355
-3.07572 1.36678 2.08911
-3.01573 1.36736 2.08595
-3.43439 1.31471 2.05198
-2.96547 1.35817 2.07056
-3.01526 1.3683 2.0504
-3.04738 -1.35565 2.01633
-2.9875 -1.34506 2.01344
-3.19114 -0.0544052 2.07527
-3.60012 -0.0211711 2.00136
-3.18983 -0.0642447 1.98596
-2.83978 -0.101059 1.98765
-2.84122 -0.0790151 2.07755
-2.75046 -0.109677 2.03829
-2.96286 0.0776191 2.0898
-2.84301 0.0925378 2.08213
-2.84208 0.119137 1.99354
-2.75292 0.126534 2.04461
-3.1913 0.076881 1.98973
-3.60062 0.0262712 2.00263
-3.19236 0.0622987 2.07839
-2.96136 -0.0665093 2.08594
-3.98718 0.0050095 1.78907
-3.68652 -0.00473722 1.72883
-3.68681 0.0228874 1.72956
-3.70323 -0.0241926 2.97775
-4.00255 -0.02586 2.94751
-3.70344 -0.00427789 2.97828
-3.70302 -0.0440133 2.97722
-3.68694 -0.00556431 1.75986
-4.04754 0.00368391 1.82026
-3.68767 -0.00703175 1.81493
-4.09799 0.00227621 1.85761
-3.68885 -0.00940099 1.90384
-4.11863 0.000779904 1.90759
-3.68795 0.0205929 1.81567
-3.68913 0.0182236 1.90458
-3.69121 0.0140428 2.06148
-4.13023 -0.00252475 2.0285
-3.69042 0.0148189 2.00228
-4.12956 -0.00117524 1.97786
-3.68722 0.0220603 1.7606
-3.69093 -0.0135818 2.06074
-3.69015 -0.0112043 2.00159
1.25931 0.31223 1.90226
1.25999 0.310998 1.94852
1.22003 0.310651 1.94909
1.26555 -0.222274 1.93415
1.26487 -0.221042 1.88789
1.22559 -0.222621 1.93472
1.26489 -0.22382 1.88782
1.38473 -0.220003 1.88621
1.98404 -0.214807 1.87776
1.98398 -0.208326 1.87793
1.92405 -0.209771 1.87875
1.30583 -0.253406 1.93274
1.60448 -0.218098 1.88311
1.77426 -0.214774 1.88076
1.92521 -0.19187 1.97192
1.98541 -0.217273 1.97037
1.77542 -0.196872 1.97393
1.60569 -0.205751 1.97612
1.41594 -0.2111 1.9787
1.26616 -0.217028 1.98068
1.26623 -0.223509 1.98051
1.95509 -0.247776 1.92359
1.38541 -0.221235 1.93246
1.50527 -0.220196 1.93077
1.62514 -0.219156 1.92908
1.745 -0.218117 1.92739
1.86486 -0.217078 1.92571
1.94887 0.348452 1.93966
1.61958 0.314116 1.94345
1.73944 0.315155 1.94176
1.37985 0.312037 1.94683
1.49971 0.313076 1.94514
1.29961 0.342822 1.94881
1.97985 0.315999 1.98474
1.41062 0.299953 1.99247
1.26074 0.303283 1.9947
1.77032 0.291961 1.9871
1.60044 0.297895 1.98969
1.97998 0.303038 1.98439
1.92019 0.289557 1.98489
1.97848 0.318465 1.89213
1.76874 0.314795 1.89504
1.91861 0.312391 1.89282
1.97917 0.317234 1.93839
2.00913 0.317493 1.93796
1.8593 0.316194 1.94008
1.97855 0.311985 1.89195
1.25928 0.315007 1.90234
1.37917 0.313269 1.90058
1.59892 0.315174 1.89748
1.26067 0.309763 1.99488
1.98527 -0.204311 1.97072
1.98472 -0.216038 1.92402
2.01469 -0.215779 1.92359
1.86418 -0.215846 1.87945
1.85862 0.317426 1.89382
1.73876 0.316387 1.89551
1.6189 0.315348 1.8972
1.49903 0.314308 1.89889
1.50459 -0.218964 1.88452
1.62445 -0.217925 1.88283
1.74432 -0.216885 1.88114
1.98477 -0.220668 1.92389
1.8652 -0.27129 1.90881
1.8652 -0.249481 1.92483
1.86491 -0.221707 1.92558
1.74534 -0.27233 1.9105
1.74534 -0.250521 1.92652
1.62525 -0.272958 1.89677
1.62548 -0.273369 1.91219
1.74505 -0.222746 1.92727
1.50539 -0.273998 1.89846
1.50562 -0.274408 1.91388
1.62518 -0.223785 1.92896
1.38553 -0.275037 1.90015
1.38575 -0.275448 1.91557
1.50532 -0.224825 1.93065
1.86498 -0.27088 1.8934
1.86452 -0.24825 1.87857
1.74511 -0.271919 1.89508
1.74466 -0.249289 1.88026
1.62479 -0.250328 1.88195
1.50493 -0.251368 1.88364
1.38507 -0.252407 1.88533
1.26566 -0.276076 1.90184
1.38546 -0.225864 1.93234
1.2652 -0.253446 1.88702
1.2592 0.365106 1.93455
1.3798 0.316666 1.94696
1.25965 0.343402 1.9494
1.37906 0.366145 1.93286
1.49967 0.317706 1.94527
1.37951 0.344441 1.94771
1.49893 0.367185 1.93117
1.61953 0.318745 1.94358
1.49938 0.34548 1.94602
1.61879 0.368224 1.92948
1.73939 0.319784 1.94189
1.61924 0.346519 1.94433
1.73843 0.369674 1.91237
1.85925 0.320823 1.9402
1.73865 0.369263 1.92779
1.85829 0.370713 1.91068
1.97912 0.321863 1.93851
1.85852 0.370302 1.9261
1.37884 0.366556 1.91744
1.4987 0.367595 1.91575
1.61856 0.368634 1.91406
1.7391 0.347559 1.94264
1.85897 0.348598 1.94095
1.25897 0.365517 1.91913
1.85828 0.34983 1.89469
1.73842 0.348791 1.89638
1.61856 0.347751 1.89807
1.49869 0.346712 1.89976
1.37883 0.345673 1.90145
1.25897 0.344633 1.90314
1.26589 -0.276487 1.91726
1.26589 -0.254678 1.93328
1.38575 -0.253639 1.93159
1.50561 -0.252599 1.9299
1.62547 -0.25156 1.92821
1.41472 -0.222521 1.88571
1.40911 0.316306 1.90023
1.22555 -0.217992 1.93484
2.01457 -0.203743 1.92392
2.00927 0.304532 1.93761
1.22008 0.306022 1.94896
2.14007 -0.0462345 1.71589
2.13449 0.0201442 1.70317
2.09847 0.0186147 1.68717
2.10151 -0.0532849 1.7007
2.13427 0.0539783 1.69812
2.09823 0.055201 1.68169
2.13333 -0.135468 2.11387
2.13225 -0.0852985 2.16677
2.1315 -0.0290812 2.18884
2.13104 0.00897906 2.1999
2.13078 0.0392017 2.20024
2.13501 -0.10453 1.7467
2.13732 -0.149275 1.80044
2.13698 -0.170931 1.84279
2.13556 -0.188016 1.96991
2.13426 -0.168645 2.06195
2.0969 -0.206724 1.9694
2.09552 -0.185776 2.06698
2.09454 -0.149511 2.12199
2.09339 -0.0953757 2.1775
2.09258 -0.0346018 2.20169
2.09209 0.00691753 2.21285
2.09841 -0.188277 1.83476
2.09876 -0.16482 1.78991
2.09905 -0.116218 1.73292
2.0918 0.0395188 2.21376
0.148707 -0.202478 2.14737
0.163811 -0.168931 2.1585
0.164172 -0.209863 2.15736
0.0614968 -0.208072 2.0886
0.061395 -0.196542 2.08892
0.22123 -0.044233 2.26373
0.221056 0.0304677 2.26832
0.241091 0.0295534 2.30205
0.241655 -0.00502933 2.30109
0.236208 -0.0494966 2.29078
0.220951 -0.126322 2.25893
0.178123 -0.201294 2.17428
-3.68827 0.0246459 1.73175
-3.68824 0.0217424 1.73097
-2.83254 0.0148973 1.5936
-2.8327 0.0323405 1.59508
-3.68837 0.00660722 1.75183
-3.68921 0.00379627 1.82197
-2.83354 -0.0808174 1.74123
-2.83219 -0.0724191 1.62566
-3.6897 0.00204064 1.86342
-3.69018 0.00121907 1.9024
-2.83513 -0.0864995 1.87327
-2.83434 -0.0861695 1.80938
-3.69056 0.000763359 1.93339
-2.83576 -0.0856071 1.9243
-3.69152 -7.01276e-008 2.01186
-3.69197 0.00477876 2.0455
-2.83836 -0.0483204 2.10884
-2.83739 -0.0808095 2.05293
0.677705 -0.00436314 2.29913
0.677657 0.030344 2.3001
0.923004 0.0177059 1.3207
0.925228 0.058827 1.32188
0.689655 0.0578402 1.30887
0.689759 0.0167916 1.30772
0.928584 -0.0686758 1.34736
0.693373 -0.0820119 1.33451
0.936035 -0.180208 1.44935
0.690385 -0.184701 1.43761
0.922374 -0.228123 1.54085
0.688829 -0.229136 1.53137
0.920839 -0.235172 1.67016
0.687004 -0.236255 1.66316
0.915703 -0.225178 2.07944
0.917748 -0.242253 1.92546
0.683859 -0.243462 1.92296
0.68203 -0.226482 2.08044
0.914353 -0.197392 2.16971
0.680668 -0.198724 2.17171
0.912587 -0.123212 2.26178
0.678887 -0.124873 2.26527
0.911674 -0.0470773 2.2834
0.678226 -0.0487511 2.28739
0.911155 -0.0029776 2.29513
0.913441 0.0318158 2.29563
1.15052 0.0187893 1.33662
1.15016 0.0596921 1.33775
1.15346 -0.0603748 1.36244
1.16359 -0.179329 1.46226
1.14996 -0.227175 1.55126
1.14846 -0.233853 1.67758
-3.68934 0.0196409 1.82191
-3.6885 0.0212487 1.7523
-2.83296 0.0145325 1.62859
-2.83436 0.0132942 1.7429
1.14343 -0.223897 2.07786
1.14544 -0.240768 1.92689
1.14211 -0.195754 2.16564
1.14037 -0.121807 2.2557
1.13946 -0.0456585 2.27682
1.13895 -0.00154499 2.28805
1.13864 0.0333046 2.28902
-3.69222 0.0114104 2.06118
-2.83904 -0.00711541 2.13548
1.36252 0.0194998 1.35182
1.36215 0.0604891 1.35296
1.36546 -0.0593622 1.37716
1.37302 -0.177701 1.47496
1.35943 -0.226055 1.56145
1.35796 -0.232937 1.68476
1.35305 -0.22243 2.07555
1.35501 -0.2397 1.92857
1.35175 -0.194533 2.16183
1.35263 -0.1205 2.24942
1.35173 -0.0443382 2.27005
1.35121 -0.000224679 2.28128
1.35091 0.0347114 2.28225
1.5485 0.0197136 1.37869
1.54814 0.0608759 1.37984
1.55146 -0.0591206 1.40303
1.55907 -0.177349 1.49683
1.54809 -0.225603 1.58036
1.54668 -0.232072 1.69918
1.54194 -0.221479 2.07647
1.54384 -0.238585 1.93399
1.54067 -0.193197 2.15926
1.539 -0.119097 2.24382
1.53811 -0.0429214 2.26395
1.5376 0.00120597 2.27467
1.53729 0.0360267 2.27564
1.71621 0.0197267 1.41882
1.71843 0.0608189 1.42
1.72177 -0.0590496 1.44169
1.72684 -0.176003 1.5305
1.71595 -0.225257 1.6085
1.71461 -0.231546 1.72082
1.71013 -0.220343 2.07613
1.71193 -0.237685 1.94215
1.70893 -0.192225 2.15442
1.70731 -0.118001 2.23448
1.70643 -0.0417969 2.25361
1.70851 0.00264906 2.26388
1.70821 0.0373972 2.26435
1.86835 0.0195582 1.46175
1.86799 0.0606052 1.46289
1.87135 -0.0591929 1.48309
1.87649 -0.176268 1.56589
1.86825 -0.225065 1.63844
1.86701 -0.231146 1.74327
1.86282 -0.219278 2.0746
1.86451 -0.23687 1.94961
1.86167 -0.191022 2.14788
1.86012 -0.116645 2.22246
1.85925 -0.0404132 2.24058
1.85875 0.00403021 2.25032
1.85845 0.0387495 2.25078
1.86648 0.0571404 1.5878
1.97618 0.0596944 1.50324
1.97517 0.0573799 1.58668
1.97654 0.020031 1.50214
1.97953 -0.0560705 1.52155
1.97694 -0.166961 1.59793
1.97647 -0.210986 1.6667
1.97536 -0.22235 1.76439
1.97302 -0.2277 1.95724
1.97144 -0.210449 2.07372
1.97036 -0.182918 2.14199
1.96889 -0.110723 2.212
1.96806 -0.0370439 2.22855
1.96758 0.00568379 2.23774
1.96729 0.0393078 2.23818
2.06613 0.00802843 2.21855
2.06585 0.0405282 2.21896
2.07393 0.0590438 1.55147
2.07351 0.0580876 1.58594
2.07427 0.0205046 1.5504
2.07727 -0.0532353 1.56788
2.07214 -0.159611 1.63685
2.07421 -0.195191 1.70339
2.07074 -0.213707 1.78789
2.0712 -0.218553 1.96324
2.06975 -0.201588 2.06921
2.06871 -0.168401 2.13114
2.06739 -0.104961 2.1944
2.06659 -0.0335602 2.20989
2.07869 0.0580051 1.58601
2.09338 0.0559892 1.65515
2.07267 0.0561612 1.65539
2.09663 -0.0532151 1.67614
2.09365 0.0190974 1.65812
2.09402 -0.037993 1.66753
-3.69226 0.0156198 2.0613
-2.83926 0.0179336 2.13618
0.165182 -0.229899 2.0893
0.167288 -0.246836 1.93033
0.170378 -0.239755 1.67502
0.171557 -0.233524 1.5752
0.172809 -0.188013 1.44247
0.175734 -0.106052 1.33778
0.172688 0.0163935 1.31166
0.17233 0.0569101 1.31279
0.229614 0.050107 1.56136
0.16933 0.0500361 1.5606
0.0658358 0.0502025 1.55929
0.0687811 0.0569521 1.31598
0.0590523 -0.22423 2.08811
0.063809 -0.246298 1.92753
0.0668899 -0.239532 1.67322
0.068087 -0.23326 1.57189
0.0692842 -0.187874 1.44366
0.0725624 -0.108929 1.33339
0.066554 0.0161726 1.31481
-0.130617 0.055779 1.32842
-0.130275 0.0171043 1.32734
-0.133381 0.0494455 1.55674
-0.13767 -0.213055 2.08493
-0.137808 -0.197489 2.08537
-0.135553 -0.234083 1.92785
-0.132533 -0.227455 1.67853
-0.13136 -0.221238 1.5792
-0.127588 -0.177923 1.45344
-0.126741 -0.127163 1.34986
-0.835085 0.0497717 1.38184
-0.834783 0.0155217 1.38088
-0.837093 0.0451706 1.54771
-0.137904 -0.186535 2.08567
-0.842911 -0.191026 2.18163
-0.84303 -0.177478 2.18201
-0.843303 -0.146635 2.18287
-0.791379 -0.156188 2.17576
-0.838129 -0.208919 2.01617
-0.837527 -0.201628 1.75269
-0.833623 -0.204182 1.6478
-0.832011 -0.203722 1.51681
-0.830386 -0.192058 1.37713
-0.374137 -0.164742 1.29266
-0.581461 -0.178033 1.32667
-0.585868 0.0292886 1.33141
-0.381146 0.042234 1.29886
-1.38185 0.0126116 1.46839
-1.98132 0.0074453 1.61017
-1.98675 0.0336139 1.61283
-1.38992 0.0444803 1.47168
-3.68936 0.0222582 1.82198
-0.617165 0.0300468 1.14101
-0.658541 0.0276801 1.14042
-0.658662 0.0274029 1.15041
-0.829342 0.0179609 1.14798
-0.829034 0.0180773 1.12299
-0.619567 0.0300715 1.12598
-0.505975 0.0373244 1.14262
-3.68827 0.00762763 1.74313
-2.83206 -0.067419 1.6118
-3.6884 0.0214287 1.74446
-3.68843 0.0243293 1.74524
-2.83297 0.0321054 1.61707
-2.8328 0.0146622 1.61559
-0.449088 0.0411732 1.14345
-0.454601 0.0795354 1.14445
-0.462177 0.0794408 1.12935
-0.456663 0.0409632 1.12834
-3.68816 0.0123417 1.73126
-2.83205 -0.0409221 1.59254
-2.8345 0.0288021 1.74333
-0.430248 -0.0762044 1.16541
-0.443308 -0.0412805 1.15122
-0.440207 -0.0994909 1.14963
-0.427243 -0.123461 1.16413
-1.1078 -0.190841 2.04826
-1.10461 -0.183823 1.78486
-1.1033 -0.185528 1.67991
-1.10169 -0.184779 1.54893
-1.09747 -0.173964 1.40926
-0.610258 -0.173074 1.14042
-0.615381 -0.150934 1.12097
-0.450864 -0.0296832 1.12644
-0.62055 -0.102723 1.08724
-0.626837 0.0302374 1.08588
-0.632413 0.068634 1.09189
-0.537347 0.0741102 1.14325
-0.625143 0.0684681 1.13198
-1.104 0.0499296 1.1554
-0.834609 0.0564489 1.12899
-0.834916 0.0562192 1.15398
-1.10431 0.049669 1.18039
-0.840328 0.0540453 1.38439
-1.10978 0.0469732 1.41579
-1.10168 0.0125736 1.41243
-1.10195 0.043157 1.41328
-1.10354 0.039526 1.54418
-1.11286 -0.141528 2.2146
-1.11045 -0.121623 2.21519
-1.11067 -0.0968329 2.21588
-1.38809 -0.176967 2.10461
-1.38749 -0.169968 1.84127
-1.38359 -0.171372 1.73651
-1.38198 -0.170329 1.60529
-1.38035 -0.160106 1.46558
-1.09205 -0.166858 1.17449
-1.37224 -0.150126 1.22142
-1.09183 -0.149307 1.14498
-1.37473 -0.133734 1.20184
-1.09182 -0.0948722 1.1065
-1.37207 -0.0862005 1.1632
-1.09532 0.0159386 1.10455
-1.3755 0.0165392 1.16103
-1.10345 0.0504274 1.11041
-1.3836 0.0482897 1.16681
-1.38446 0.047439 1.23679
-1.3821 0.0409669 1.46918
-1.39262 -0.115259 2.21929
-1.39139 -0.03397 2.27409
-1.9726 -0.0739897 1.37947
-1.97263 -0.113749 1.40886
-1.97591 0.00991662 1.38027
-1.98134 0.0361746 1.38294
-1.98435 0.0357922 1.4169
-1.37261 0.0389959 1.54075
-1.38148 0.0186786 2.27319
-1.39186 0.0185956 2.27555
-1.97657 0.0092846 1.43426
-1.97633 0.00955071 1.41426
-1.98152 0.030736 1.61082
-1.98883 0.0140093 2.21486
-1.9885 -0.0235936 2.21331
-1.99005 -0.0856561 2.17255
-1.98599 -0.134318 2.08672
-1.9835 -0.141239 1.88903
-1.98251 -0.142811 1.81054
-1.98131 -0.142111 1.71251
-1.9775 -0.133996 1.60776
-1.97283 -0.121565 1.43064
-2.15797 -0.0681203 1.5083
-2.15794 -0.105998 1.53225
-2.15867 0.0122431 1.50954
-2.18478 0.0371759 1.51141
-2.18512 0.0369417 1.5394
-2.15901 0.0120147 1.53754
-2.15921 0.0118883 1.55353
-2.16098 0.0106791 1.698
-2.16118 0.0329811 1.69862
-2.16718 0.0192306 2.19474
-2.16686 -0.0167322 2.19324
-2.19181 -0.0762538 2.15925
-2.16467 -0.123166 2.08877
-2.1626 -0.130494 1.92657
-2.16179 -0.132165 1.86202
-2.1608 -0.131952 1.78153
-2.1598 -0.124668 1.69573
-2.1581 -0.113415 1.55004
-2.49499 -0.0544657 1.54842
-2.49498 -0.086797 1.57002
-2.49558 0.0137911 1.54933
-2.49578 0.0351119 1.55142
-2.49609 0.0348801 1.57641
-2.49588 0.0135594 1.57432
-1.3812 -0.0127927 2.27231
-1.11326 -0.0968632 2.21635
-2.49767 0.0121714 1.72003
-2.49607 0.013403 1.58931
-2.49784 0.0311239 1.72056
-2.50327 0.0186831 2.16946
-2.50299 -0.0119124 2.16811
-2.50219 -0.0624462 2.1377
-2.50106 -0.102208 2.0736
-2.4992 -0.108236 1.92693
-2.49847 -0.109511 1.86889
-2.49757 -0.109501 1.79574
-2.49666 -0.103016 1.71792
-2.49513 -0.0930194 1.58635
-0.833997 0.0569317 1.079
-0.828422 0.0185985 1.073
-0.822192 -0.114818 1.07935
-0.824785 -0.163078 1.11297
-0.824957 -0.185528 1.14235
-1.10508 -0.0781258 1.54087
-1.37234 0.00752459 1.53988
0.158481 -0.186285 1.55385
0.229757 -0.0246918 1.55927
-0.773364 -0.13973 1.54335
-0.422347 -0.112891 1.17949
-0.386141 0.0421418 1.2843
-0.379402 -0.134985 1.27943
-0.445957 -0.0273223 1.14657
-0.595602 0.0294559 1.28129
-0.660254 0.0259615 1.28037
-0.658113 -0.0278028 1.14387
-0.657787 -0.113519 1.17649
-0.658824 -0.135892 1.27586
2.09665 -0.121406 1.72174
2.09414 -0.110355 1.70752
2.09088 0.0472953 1.65387
2.08438 -0.140241 1.68005
2.09649 -0.1456 1.75157
2.08907 -0.16456 1.73644
2.08428 -0.155482 1.69913
2.08452 -0.0531696 1.60898
2.08202 -0.106809 1.63895
2.07896 0.0200191 1.58995
2.0819 -0.0344468 1.59897
1.84319 0.0569213 1.588
1.84494 0.0550251 1.65698
1.86564 0.0552279 1.65674
2.07876 0.0506824 1.5848
1.97433 0.0554535 1.65613
2.08202 -0.106809 1.63895
2.08438 -0.140241 1.68005
2.08428 -0.155482 1.69913
1.8462 -0.15654 1.70058
1.84394 -0.108169 1.6409
2.08907 -0.16456 1.73644
1.84581 -0.165664 1.73833
2.09365 0.0190974 1.65812
2.09088 0.0472953 1.65387
1.84503 0.0461747 1.65573
1.84559 -0.03913 1.66935
2.09402 -0.037993 1.66753
2.09414 -0.110355 1.70752
2.09663 -0.0532151 1.67614
1.8457 -0.111506 1.70984
2.08907 -0.16456 1.73644
2.09649 -0.1456 1.75157
1.84547 -0.146753 1.75335
1.84581 -0.165664 1.73833
2.08452 -0.0531696 1.60898
1.84382 -0.0355044 1.60042
2.0819 -0.0344468 1.59897
2.07876 0.0506824 1.5848
2.07896 0.0200191 1.58995
1.84327 0.0495986 1.58679
1.86564 0.0552279 1.65674
1.84494 0.0550251 1.65698
2.09338 0.0559892 1.65515
2.07267 0.0561612 1.65539
1.97433 0.0554535 1.65613
1.84494 0.0550251 1.65698
1.84319 0.0569213 1.588
1.84327 0.0495986 1.58679
1.84382 -0.0355044 1.60042
1.84394 -0.108169 1.6409
1.8462 -0.15654 1.70058
1.84581 -0.165664 1.73833
1.84547 -0.146753 1.75335
1.8457 -0.111506 1.70984
1.84559 -0.03913 1.66935
1.84503 0.0461747 1.65573
1.84319 0.0569213 1.588
1.86648 0.0571404 1.5878
1.97517 0.0573799 1.58668
2.07351 0.0580876 1.58594
2.07869 0.0580051 1.58601
2.09665 -0.121406 1.72174
1.84547 -0.146753 1.75335
2.09649 -0.1456 1.75157
0.510913 -3.88906 1.58428
0.510631 -3.83854 1.56759
0.450778 -3.83885 1.56074
-0.80816 -0.245015 1.44049
-0.124142 -0.218508 1.5609
-0.969186 -0.318296 1.39621
0.060862 -3.93261 1.57488
0.263988 -3.84033 1.55812
-0.291654 -3.84525 1.57035
-0.825561 -0.201278 1.37228
-1.00682 -0.253531 1.39743
0.229496 -0.102309 1.33141
-0.813634 -0.220672 1.46512
-1.09441 -0.188159 1.39797
0.0989632 -3.89314 1.60954
0.102331 -3.84328 1.61894
0.369927 3.92807 1.76837
0.42902 3.97795 1.79458
0.338509 4.03731 1.79392
-0.818952 0.299792 1.47904
-1.01293 0.332992 1.41311
-0.813999 0.325494 1.45574
-0.976646 0.398342 1.41537
-0.12958 0.303958 1.57487
0.183137 3.92659 1.76575
0.193568 4.04618 1.79216
-0.0218643 4.01447 1.78732
0.0170704 3.97386 1.81984
-0.372505 3.92167 1.77797
0.42978 3.92838 1.77522
0.459494 3.92811 1.79466
0.358766 3.97673 1.81863
0.40883 3.97736 1.81032
-1.09914 0.266246 1.41012
-0.830625 0.285155 1.38528
-0.832617 0.281153 1.53547
0.226287 0.205965 1.33965
0.0214806 3.92364 1.82657
0.421652 -3.9498 1.58041
0.276919 -3.96096 1.57811
0.540345 -3.83881 1.58704
0.440659 -3.89028 1.60833
0.490723 -3.88965 1.60002
0.237625 -0.991314 1.39081
-0.839896 -1.00129 1.43075
0.696087 -0.109631 1.33766
0.554269 -0.98881 1.39525
0.845865 -0.151471 1.37569
0.653945 -0.988448 1.41268
0.92532 -0.195692 1.44375
0.703171 -0.989494 1.46744
0.844782 -0.212911 1.5013
0.652603 -0.991142 1.5138
0.31433 -0.223288 1.57586
0.694599 -0.231151 1.53781
0.292131 -0.995746 1.57483
0.552304 -0.992759 1.54344
0.510139 -3.83953 1.60464
0.450061 -3.84029 1.61481
-0.0763224 -0.998393 1.55964
0.297099 -3.84177 1.62268
0.296819 -3.90164 1.61405
0.214718 3.98538 1.82489
0.216249 3.92515 1.8303
0.36921 3.92663 1.82244
0.429289 3.92739 1.81227
-0.0979937 1.08346 1.6153
-0.861567 1.08056 1.4864
0.632273 1.09341 1.46833
0.6815 1.09236 1.5231
0.215954 1.09054 1.44646
0.532598 1.09304 1.4509
0.530632 1.0891 1.59909
0.270459 1.08611 1.63049
0.308724 0.315192 1.59025
0.83926 0.317561 1.51548
0.688744 0.33135 1.55285
0.630932 1.09071 1.56945
0.841551 0.262898 1.38677
0.92011 0.304754 1.45713
0.692649 0.220663 1.34649
0.294563 4.04635 1.8305
0.312598 4.05446 1.82984
0.314164 4.04654 1.82963
0.308282 4.06122 1.82997
0.301842 4.06568 1.83001
0.294359 4.06719 1.82996
0.286909 4.06556 1.82982
0.280563 4.061 1.82961
0.276389 4.05417 1.82937
0.274988 4.04622 1.82913
0.276554 4.0383 1.82893
0.28087 4.03154 1.82879
0.28731 4.02708 1.82875
0.294793 4.02557 1.8288
0.302244 4.0272 1.82894
0.308589 4.03176 1.82915
0.312764 4.03859 1.82939
0.327858 4.06146 1.82703
0.330773 4.04676 1.82665
0.319903 4.07384 1.82727
0.308105 4.08207 1.82736
0.294214 4.08489 1.82726
0.280385 4.08185 1.827
0.26876 4.07344 1.82662
0.261065 4.06093 1.82617
0.258456 4.04618 1.82572
0.261372 4.03148 1.82535
0.269326 4.01909 1.8251
0.281125 4.01087 1.82502
0.295015 4.00805 1.82512
0.308845 4.01109 1.82538
0.32047 4.0195 1.82576
0.328165 4.03201 1.82621
0.338148 4.06619 1.82252
0.341929 4.04698 1.82203
0.327699 4.08235 1.82284
0.312293 4.09316 1.82295
0.294149 4.09682 1.82282
0.276084 4.09287 1.82248
0.260906 4.08182 1.82198
0.250796 4.06549 1.82139
0.247416 4.04623 1.82081
0.251197 4.02702 1.82032
0.261646 4.01085 1.82
0.277052 4.00005 1.81989
0.295196 3.99638 1.82002
0.313261 4.00033 1.82036
0.328439 4.01138 1.82086
0.338549 4.02771 1.82145
0.34178 4.06795 1.81697
0.345884 4.04716 1.81644
0.330499 4.08547 1.81732
0.313805 4.09713 1.81743
0.294174 4.1011 1.8173
0.274629 4.09682 1.81693
0.258182 4.08489 1.81639
0.247267 4.0672 1.81575
0.243597 4.04635 1.81512
0.247701 4.02557 1.81459
0.258983 4.00805 1.81425
0.275676 3.99639 1.81413
0.295307 3.99241 1.81427
0.314852 3.9967 1.81464
0.3313 4.00862 1.81518
0.342214 4.02632 1.81581
0.338285 4.0665 1.81124
0.342065 4.04729 1.81076
0.327836 4.08267 1.81156
0.31243 4.09347 1.81167
0.294286 4.09713 1.81154
0.27622 4.09318 1.8112
0.261042 4.08214 1.8107
0.250932 4.06581 1.81012
0.247553 4.04654 1.80954
0.251333 4.02733 1.80905
0.261782 4.01116 1.80873
0.277188 4.00036 1.80862
0.295332 3.9967 1.80875
0.313397 4.00065 1.80909
0.328575 4.01169 1.80959
0.338686 4.02802 1.81017
0.32811 4.06204 1.80622
0.331025 4.04733 1.80584
0.320155 4.07442 1.80646
0.308357 4.08264 1.80654
0.294466 4.08547 1.80645
0.280637 4.08242 1.80619
0.269012 4.07402 1.8058
0.261317 4.06151 1.80536
0.258708 4.04676 1.80491
0.261624 4.03205 1.80454
0.269578 4.01967 1.80429
0.281377 4.01145 1.80421
0.295267 4.00862 1.80431
0.309096 4.01167 1.80457
0.320722 4.02008 1.80495
0.328417 4.03258 1.8054
0.312927 4.05521 1.80264
0.314493 4.04729 1.80244
0.308612 4.06197 1.80277
0.302172 4.06643 1.80282
0.294688 4.06795 1.80276
0.287238 4.06631 1.80262
0.280892 4.06175 1.80241
0.276718 4.05493 1.80217
0.275317 4.04698 1.80193
0.276883 4.03906 1.80173
0.281199 4.0323 1.80159
0.287639 4.02784 1.80155
0.295122 4.02632 1.8016
0.302573 4.02796 1.80174
0.308919 4.03252 1.80195
0.313093 4.03934 1.8022
0.294919 4.04717 1.80106
0.378117 -3.97058 1.60836
0.396153 -3.96247 1.60769
0.397719 -3.9704 1.60749
0.391837 -3.95571 1.60783
0.385397 -3.95125 1.60787
0.377914 -3.94974 1.60782
0.370463 -3.95137 1.60768
0.364118 -3.95593 1.60747
0.359943 -3.96276 1.60723
0.358543 -3.97071 1.60699
0.360109 -3.97863 1.60678
0.364425 -3.98539 1.60665
0.370865 -3.98985 1.60661
0.378348 -3.99137 1.60666
0.385798 -3.98973 1.6068
0.392144 -3.98517 1.60701
0.396318 -3.97834 1.60725
0.411413 -3.95547 1.60488
0.414328 -3.97018 1.60451
0.403458 -3.94309 1.60513
0.391659 -3.93486 1.60521
0.377769 -3.93204 1.60511
0.36394 -3.93508 1.60485
0.352315 -3.94349 1.60447
0.344619 -3.956 1.60402
0.342011 -3.97075 1.60358
0.344927 -3.98546 1.6032
0.352881 -3.99784 1.60296
0.36468 -4.00606 1.60288
0.37857 -4.00889 1.60297
0.392399 -4.00584 1.60324
0.404024 -3.99743 1.60362
0.41172 -3.98493 1.60406
0.421703 -3.95074 1.60037
0.425484 -3.96995 1.59988
0.411254 -3.93458 1.60069
0.395848 -3.92377 1.6008
0.377704 -3.92011 1.60067
0.359639 -3.92406 1.60033
0.344461 -3.93511 1.59983
0.33435 -3.95144 1.59925
0.330971 -3.97071 1.59867
0.334751 -3.98992 1.59818
0.345201 -4.00608 1.59786
0.360606 -4.01689 1.59775
0.378751 -4.02055 1.59788
0.396816 -4.0166 1.59822
0.411994 -4.00555 1.59872
0.422104 -3.98922 1.5993
0.425335 -3.94898 1.59483
0.429439 -3.96977 1.5943
0.414053 -3.93146 1.59517
0.39736 -3.9198 1.59529
0.377729 -3.91583 1.59515
0.358184 -3.92011 1.59478
0.341737 -3.93204 1.59424
0.330822 -3.94973 1.59361
0.327152 -3.97058 1.59298
0.331256 -3.99136 1.59245
0.342538 -4.00888 1.5921
0.359231 -4.02055 1.59199
0.378862 -4.02452 1.59213
0.398407 -4.02024 1.59249
0.414854 -4.00831 1.59304
0.425769 -3.99061 1.59367
0.42184 -3.95043 1.5891
0.42562 -3.96964 1.58861
0.41139 -3.93426 1.58942
0.395985 -3.92346 1.58953
0.37784 -3.9198 1.5894
0.359775 -3.92375 1.58906
0.344597 -3.93479 1.58856
0.334487 -3.95113 1.58797
0.331107 -3.97039 1.58739
0.334888 -3.9896 1.5869
0.345337 -4.00577 1.58658
0.360743 -4.01657 1.58648
0.378887 -4.02023 1.5866
0.396952 -4.01629 1.58694
0.41213 -4.00524 1.58744
0.422241 -3.98891 1.58803
0.411665 -3.95489 1.58407
0.41458 -3.9696 1.5837
0.40371 -3.94251 1.58432
0.391911 -3.93429 1.5844
0.378021 -3.93146 1.5843
0.364192 -3.93451 1.58404
0.352567 -3.94291 1.58366
0.344871 -3.95542 1.58321
0.342263 -3.97017 1.58277
0.345178 -3.98488 1.58239
0.353133 -3.99726 1.58215
0.364932 -4.00548 1.58207
0.378822 -4.00831 1.58216
0.392651 -4.00526 1.58242
0.404276 -3.99686 1.58281
0.411972 -3.98435 1.58325
0.396482 -3.96172 1.58049
0.398048 -3.96964 1.58029
0.392166 -3.95496 1.58063
0.385727 -3.9505 1.58067
0.378243 -3.94898 1.58062
0.370793 -3.95062 1.58048
0.364447 -3.95518 1.58027
0.360273 -3.96201 1.58003
0.358872 -3.96995 1.57979
0.360438 -3.97787 1.57958
0.364754 -3.98463 1.57945
0.371194 -3.98909 1.57941
0.378677 -3.99061 1.57946
0.386128 -3.98898 1.5796
0.392473 -3.98441 1.57981
0.396648 -3.97759 1.58005
0.378474 -3.96977 1.57892
-3.67037 -0.0431139 2.98184
-3.70345 -0.0433765 2.98142
-3.70366 -0.0237246 2.98196
-3.67068 -0.023707 2.99122
-3.52817 -0.0220063 2.97245
-3.53222 -0.0220384 2.9724
-3.3635 -0.0123181 2.67133
-3.35541 -0.0122539 2.67144
-3.52816 -0.0235223 2.97241
-3.3554 -0.0137699 2.67139
-3.43614 -0.0265117 2.67001
-3.57349 -0.0365527 2.99209
-3.61866 -0.0414502 2.99138
-3.52505 -0.0317564 2.66874
-3.63384 -0.0341173 2.6673
-3.69964 -0.0346395 2.66645
-3.69985 -0.0149876 2.667
-3.61701 -0.023281 2.99191
-3.57364 -0.0229368 2.99247
-3.13043 -0.00675324 2.04687
-2.95816 0.00671505 2.04942
-2.95817 0.00823106 2.04947
-2.97582 0.00809102 2.04924
-3.68858 0.00243392 2.04005
-3.68837 -0.017218 2.0395
-3.552 -0.0161356 2.04126
-3.32043 -0.0128003 2.04429
-3.06766 0.00329351 2.19526
-3.05185 0.00341896 2.19546
-3.05184 0.00190296 2.19542
-3.20279 -0.0113961 2.19314
-3.36926 -0.0172564 2.19086
-3.57253 -0.0203671 2.1882
-3.69383 -0.0213299 2.18664
-3.69404 -0.00167796 2.18719
-3.16575 -0.00155359 2.3412
-3.15252 -0.00144856 2.34137
-3.1525 -0.00296457 2.34133
-3.28011 -0.0160784 2.33934
-3.42104 -0.0217359 2.3374
-3.59306 -0.0245986 2.33514
-3.69561 -0.0254126 2.33382
-3.69582 -0.00576067 2.33437
-3.26505 -0.00697986 2.50773
-3.25428 -0.00689438 2.50787
-3.25426 -0.00841038 2.50783
-3.35842 -0.0213381 2.50615
-3.47306 -0.026787 2.50454
-3.6131 -0.0293958 2.5027
-3.69397 -0.0300377 2.50165
-3.69417 -0.0103858 2.5022
-3.67067 -0.0244566 2.9912
-3.70365 -0.0244742 2.98194
-3.70385 -0.00482232 2.98249
-3.67077 -0.00455974 2.98292
-3.3554 -0.0130035 2.67141
-3.36349 -0.0130677 2.67131
-3.53221 -0.0227881 2.97238
-3.52817 -0.022756 2.97243
-3.35542 -0.0114875 2.67146
-3.52818 -0.02124 2.97247
-3.43642 -2.93987e-005 2.67075
-3.57377 -0.0100704 2.99283
-3.52542 0.00380322 2.66973
-3.61903 -0.00589062 2.99237
-3.63424 0.00443692 2.66837
-3.70004 0.00391468 2.66752
-3.69984 -0.0157372 2.66697
-3.57363 -0.0236864 2.99245
-3.617 -0.0240307 2.99189
-3.3208 0.0227594 2.04528
-3.5524 0.0224186 2.04234
-3.68878 0.0213362 2.04058
-3.68857 0.00168428 2.04003
-2.97581 0.00734137 2.04922
-2.95817 0.00748141 2.04945
-2.95818 0.00899742 2.04949
-3.13071 0.0197291 2.0476
-3.05185 0.00266932 2.19544
-3.06765 0.00254386 2.19524
-3.05186 0.00418532 2.19548
-3.20307 0.0150862 2.19387
-3.36963 0.0183032 2.19185
-3.57293 0.0181871 2.18928
-3.69423 0.0172243 2.18771
-3.69403 -0.00242761 2.18716
-3.15251 -0.00219821 2.34135
-3.16574 -0.00230324 2.34118
-3.15252 -0.000682203 2.34139
-3.28039 0.0104039 2.34008
-3.42141 0.0138237 2.33839
-3.59346 0.0139556 2.33621
-3.69602 0.0131416 2.33489
-3.69581 -0.00651032 2.33435
-3.25427 -0.00764402 2.50785
-3.26504 -0.00772951 2.50771
-3.25428 -0.00612802 2.50789
-3.3587 0.00514425 2.50688
-3.47343 0.00877264 2.50553
-3.6135 0.00915835 2.50377
-3.69437 0.00851649 2.50273
-3.69417 -0.0111354 2.50218
0.320479 -0.167659 1.74738
-0.096862 -0.175617 1.8489
0.0143592 -0.109509 2.3123
0.431729 -0.104297 2.2107
-0.101265 0.246747 1.86066
0.316112 0.251326 1.75904
0.428929 0.164327 2.21818
0.0115812 0.157002 2.31972
-0.64644 0.175345 1.9279
-0.640791 0.17227 2.02874
-0.635656 0.169181 2.12989
-0.659477 0.165946 2.22813
-0.682357 0.165427 2.23886
-0.70766 0.165168 2.24054
-0.732396 0.165 2.23944
-0.757006 0.164883 2.2367
-0.695186 0.180648 1.74369
-0.233483 0.183543 1.77203
-0.334108 0.182877 1.76698
-0.434042 0.181974 1.76977
-0.534484 0.180771 1.78214
-0.62444 0.178577 1.82927
-0.231164 -0.0416294 1.76502
-0.231937 0.0334281 1.76736
-0.23271 0.108486 1.76969
-0.692094 -0.119581 1.73434
-0.230391 -0.116687 1.76268
-0.756233 0.089826 2.23437
-0.75546 0.0147686 2.23203
-0.754686 -0.0602888 2.22969
-0.753913 -0.135346 2.22735
-0.681608 0.0903773 2.23625
-0.658704 0.0908881 2.22579
-0.645667 0.100287 1.92557
-0.623667 0.10352 1.82693
-0.333311 0.107812 1.76492
-0.729304 -0.13523 2.23009
-0.704568 -0.135062 2.23119
-0.679265 -0.134803 2.22951
-0.656385 -0.134284 2.21878
-0.632564 -0.131049 2.12053
-0.637699 -0.12796 2.01938
-0.643348 -0.124885 1.91855
-0.621348 -0.121652 1.81992
-0.531392 -0.119459 1.77279
-0.43095 -0.118255 1.76042
-0.331016 -0.117353 1.75763
-0.331765 -0.0423033 1.76024
-0.731623 0.0899423 2.23711
-0.634883 0.0941236 2.12755
-0.680062 -0.0597376 2.23158
-0.705365 -0.0599963 2.23325
-0.730077 -0.0601726 2.23243
-0.73085 0.0148848 2.23477
-0.533663 0.105697 1.78034
-0.644121 -0.0498275 1.92089
-0.638472 -0.0529024 2.02172
-0.633337 -0.0559912 2.12287
-0.657158 -0.0592268 2.22112
-0.657931 0.0158306 2.22346
-0.63411 0.0190662 2.12521
-0.532117 -0.0444176 1.77567
-0.622121 -0.0465949 1.82226
-0.622894 0.0284625 1.8246
-0.532914 0.030648 1.77774
-0.680811 0.0153117 2.23418
-0.644894 0.0252299 1.92323
-0.431699 -0.0432061 1.76303
-0.640018 0.0972125 2.0264
-0.639245 0.0221551 2.02406
-0.706911 0.0901186 2.23793
-0.706138 0.0150612 2.23559
-0.433245 0.106909 1.76771
-0.432179 0.0318461 1.76561
-0.332538 0.0327541 1.76258
-0.759926 -0.128326 1.87956
-1.36171 -0.0563062 1.8809
-1.36195 -0.0665331 2.24337
-0.760166 -0.138553 2.24203
-1.36167 0.108259 1.88576
-0.761561 0.183947 1.88843
-0.761801 0.17372 2.2509
-1.36282 0.0982165 2.24715
-0.975085 -0.0671347 2.14895
-1.1423 -0.0684619 2.14679
-1.14433 -0.0731112 2.3144
-0.977114 -0.071784 2.31655
-1.14405 0.0990824 2.15145
-0.976832 0.10041 2.15361
-0.97886 0.0957603 2.32122
-1.14608 0.0944331 2.31906
-0.780665 -0.0664219 2.18149
-0.947879 -0.0677491 2.17934
-0.949908 -0.0723984 2.34695
-0.782694 -0.0710712 2.3491
-0.949626 0.0997952 2.184
-0.782411 0.101122 2.18616
-0.78444 0.096473 2.35376
-0.951655 0.0951459 2.35161
-0.00411411 0.0416171 2.30217
-0.00677115 0.0452088 2.17143
-0.00310368 0.0276447 2.17087
-0.000446638 0.0240531 2.30162
-0.0142172 0.0564136 2.30278
-0.0168742 0.0600053 2.17204
-0.0291743 0.0662513 2.30335
-0.0318313 0.0698429 2.17261
-0.0467685 0.0695875 2.3038
-0.0494256 0.0731792 2.17305
-0.06429 0.0659409 2.30405
-0.066947 0.0695326 2.1733
-0.0790392 0.0558408 2.30406
-0.0816963 0.0594325 2.17331
-0.088832 0.0408685 2.30384
-0.0914891 0.0444601 2.1731
-0.0921327 0.0232428 2.30342
-0.0947897 0.0268345 2.17267
-0.0884652 0.00567877 2.30286
-0.0911222 0.00927043 2.17212
-0.0783621 -0.00911774 2.30225
-0.0810192 -0.00552607 2.17151
-0.0634051 -0.0189554 2.30168
-0.0660621 -0.0153637 2.17094
-0.0458108 -0.0222916 2.30124
-0.0484678 -0.0186999 2.17049
-0.0282893 -0.018645 2.30099
-0.0309463 -0.0150534 2.17024
-0.0135401 -0.00854488 2.30098
-0.0161971 -0.00495322 2.17023
-0.0037473 0.00642745 2.30119
-0.00640434 0.0100191 2.17045
-0.0475193 -0.00343404 2.38354
-0.023895 -0.00120477 2.30997
-0.0244126 0.048438 2.31136
-0.0480368 0.0462087 2.38492
-0.684908 0.107455 2.483
-0.697675 0.10727 2.48605
-0.761745 0.157024 2.22029
-0.748978 0.157208 2.21724
-0.695725 -0.0803158 2.48113
-0.682958 -0.0801309 2.47808
-0.746128 -0.11704 2.21004
-0.758895 -0.117224 2.21309
-0.706266 -0.0643947 2.28223
-0.735613 -0.0648312 2.28922
-0.697184 -0.0689823 2.45094
-0.667836 -0.0685458 2.44395
-0.737345 0.101312 2.29384
-0.707998 0.101748 2.28685
-0.669568 0.0975973 2.44858
-0.698916 0.0971608 2.45556
2.17867 0.220053 2.93025
2.17736 0.409794 2.87853
2.19104 0.409903 2.8787
2.19236 0.220162 2.93042
2.17661 0.58452 2.7904
2.16367 0.409685 2.87837
2.16292 0.585412 2.79026
2.17685 0.868406 2.52229
2.17643 0.740087 2.67072
2.16274 0.739978 2.67056
2.16316 0.868269 2.52313
2.17936 1.02851 2.16675
2.17783 0.966253 2.35302
2.16414 0.966144 2.35285
2.16567 1.0284 2.16658
2.18376 1.03932 1.77704
2.18136 1.05293 1.97242
2.16768 1.05282 1.97226
2.17008 1.03921 1.77688
2.1894 0.899166 1.41314
2.18648 0.98748 1.5876
2.1728 0.987371 1.58743
2.17572 0.899085 1.41197
2.1954 0.630576 1.12966
2.19241 0.779271 1.2578
2.17872 0.779162 1.25763
2.1817 0.631468 1.12952
2.20085 0.274423 0.969744
2.19824 0.461005 1.03194
2.18456 0.460897 1.03177
2.18716 0.274314 0.969579
2.20492 -0.115913 0.958879
2.2031 0.0797815 0.945326
2.18941 0.0796726 0.945161
2.19123 -0.116022 0.958714
2.20698 -0.48038 1.09874
2.20623 -0.305655 1.0106
2.19255 -0.305764 1.01043
2.1933 -0.48149 1.09854
2.20674 -0.764266 1.36684
2.20716 -0.635947 1.21841
2.19348 -0.636056 1.21824
2.19306 -0.764348 1.36567
2.20423 -0.924372 1.72239
2.20576 -0.862113 1.53612
2.19208 -0.862222 1.53595
2.19055 -0.924481 1.72222
2.19982 -0.935179 2.11209
2.20223 -0.948792 1.91671
2.18854 -0.948901 1.91654
2.18614 -0.935288 2.11192
2.19419 -0.795026 2.47599
2.19711 -0.88334 2.30153
2.18342 -0.883449 2.30137
2.1805 -0.795163 2.47683
2.18819 -0.526437 2.75947
2.19118 -0.675132 2.63133
2.17749 -0.675241 2.63117
2.17452 -0.527547 2.75928
2.18274 -0.170283 2.91939
2.18049 0.0243581 2.94381
2.19418 0.024467 2.94397
2.19643 -0.170175 2.91955
2.16499 0.219944 2.93009
2.16681 0.0242492 2.94364
2.16906 -0.170392 2.91922
2.17166 -0.356975 2.85703
2.19029 0.585629 2.79059
2.19011 0.740196 2.67089
2.19053 0.868487 2.52346
2.19151 0.966361 2.35318
2.19304 1.02862 2.16691
2.19505 1.05304 1.97259
2.19745 1.03943 1.77721
2.20017 0.987589 1.58776
2.20309 0.899303 1.4123
2.20609 0.77938 1.25796
2.20907 0.631686 1.12985
2.21193 0.461114 1.0321
2.21453 0.274532 0.96991
2.21678 0.0798904 0.945492
2.2186 -0.115804 0.959045
2.21992 -0.305546 1.01076
2.22067 -0.481272 1.09887
2.22085 -0.635838 1.21857
2.22043 -0.76413 1.366
2.21945 -0.862004 1.53628
2.21792 -0.924263 1.72255
2.21591 -0.948683 1.91687
2.21351 -0.935071 2.11225
2.21079 -0.883231 2.3017
2.20786 -0.794945 2.47716
2.20486 -0.675023 2.6315
2.20189 -0.527329 2.75961
2.19903 -0.356757 2.85736
2.18535 -0.356866 2.85719
-0.645391 -0.0466169 2.22832
-0.667817 -0.0430434 2.07585
-0.668557 0.0273679 2.0776
-0.64613 0.0237943 2.23007
-0.598543 -0.0471631 2.26635
-0.599282 0.0232482 2.2681
-0.619127 -0.145461 2.1945
-0.55523 -0.144741 2.18695
-0.391555 -0.139314 2.0225
-0.175677 -0.13881 2.07529
-0.115117 -0.136983 2.02178
-0.412989 -0.137733 1.95115
-0.627281 -0.143662 2.11878
-0.556161 -0.0560853 2.18915
-0.620058 -0.0568063 2.1967
-0.392486 -0.0506589 2.02471
-0.176608 -0.0501544 2.07749
-0.116048 -0.0483275 2.02398
-0.41392 -0.049078 1.95335
-0.628212 -0.0550068 2.12099
-0.571662 -0.0340857 1.74535
-0.572401 0.0363256 1.7471
-0.569456 -0.130104 1.73742
-0.498369 -0.131894 1.83408
-0.169099 -0.130119 1.87385
-0.00938391 -0.1217 1.58676
0.152689 -0.119283 1.54375
-0.0583116 -0.120059 1.50362
-0.225831 -0.128644 1.79481
-0.565319 -0.00878812 1.74742
-0.570731 -0.00866129 1.74044
-0.227106 -0.00720134 1.79783
-0.0595868 0.00138392 1.50664
0.151414 0.00215992 1.54677
-0.0106591 -0.000257531 1.58978
-0.170374 -0.00867632 1.87687
-0.48638 -0.0103395 1.83709
-0.478039 -0.0085263 1.76641
-0.499378 -0.0357286 1.83647
-0.486115 -0.0356172 1.83646
-0.565054 -0.0340658 1.74679
-0.478513 0.0366072 1.76754
-0.529557 -0.0450606 2.20452
-0.530296 0.0253507 2.20627
-0.511947 0.0241754 2.26014
-0.600066 0.097909 2.26995
-0.646914 0.0984552 2.23192
-0.669341 0.102029 2.07945
-0.573185 0.110986 1.74896
-0.566577 0.111006 1.7504
-0.500902 0.109344 1.84008
-0.487638 0.109455 1.84006
-0.53108 0.100011 2.20813
-0.512731 0.0988362 2.262
-0.646174 0.027934 2.23017
-0.6686 0.0315076 2.0777
-0.599326 0.0273879 2.2682
-0.118742 0.208296 2.03036
-0.179303 0.206469 2.08387
-0.39518 0.205965 2.03109
-0.558855 0.200538 2.19553
-0.622752 0.199817 2.20308
-0.630907 0.201617 2.12737
-0.416614 0.207546 1.95973
-0.557922 0.1117 2.19332
-0.62182 0.110979 2.20087
-0.394247 0.117127 2.02888
-0.17837 0.117631 2.08166
-0.11781 0.119458 2.02815
-0.415681 0.118707 1.95752
-0.629974 0.112779 2.12516
-0.572445 0.0404653 1.7472
0.14914 0.218669 1.55215
-0.0129326 0.216252 1.59516
-0.172648 0.207833 1.88225
-0.501917 0.206058 1.84248
-0.573005 0.207848 1.74582
-0.22938 0.209308 1.80321
-0.0618602 0.217893 1.51202
-0.171366 0.0857488 1.87922
-0.0116506 0.0941675 1.59213
0.150422 0.096585 1.54911
-0.0605783 0.095809 1.50899
-0.228098 0.0872237 1.80018
-0.571723 0.0857638 1.74279
-0.566311 0.085637 1.74976
-0.47903 0.0858988 1.76876
-0.487372 0.0840855 1.83943
-0.478556 0.0407469 1.76764
-0.53034 0.0294903 2.20638
-0.511207 -0.0462358 2.25839
-0.51199 0.0283151 2.26024
-0.541246 -0.0507382 2.27906
-0.519311 -0.0564827 2.2971
-0.512254 -0.0511564 2.29399
-0.449888 0.0371105 2.37424
-0.446456 0.0407783 2.3803
-0.447347 0.0443386 2.37861
-0.458713 0.0407129 2.36737
-0.461449 0.0373526 2.36737
-0.453031 0.0308279 2.37141
-0.446844 0.0476299 2.34563
-0.447034 0.0387624 2.34535
-0.447754 0.0463193 2.35333
-0.439423 0.0475263 2.33534
-0.437844 0.0536835 2.33501
-0.441378 0.0494354 2.33332
-0.44612 0.00919936 2.32215
-0.446524 0.00473495 2.32875
-0.442086 0.018358 2.33373
-0.467056 0.00596188 2.27378
-0.470447 0.00718334 2.26736
-0.4723 -0.000175034 2.27102
-0.452582 0.0316115 2.26432
-0.464895 0.0151475 2.27041
-0.458773 0.0184085 2.27821
-0.453577 0.0321055 2.27586
-0.453806 0.0361003 2.28479
-0.450975 0.0439941 2.28328
-0.507155 -0.047823 2.32034
-0.511194 -0.0546556 2.31112
-0.517726 -0.0580042 2.32406
-0.49447 -0.0337818 2.33076
-0.490202 -0.0312101 2.31325
-0.474577 0.0035235 2.26546
-0.49569 0.0985106 2.36807
-0.496611 0.0992687 2.3646
-0.488515 0.0973347 2.36646
-0.460898 0.0655829 2.37201
-0.45847 0.0719922 2.37942
-0.465405 0.0756901 2.37537
-0.490076 0.098528 2.37441
-0.487166 0.0964005 2.37011
-0.481013 0.0946463 2.37422
-0.484898 0.0994267 2.37977
-0.456497 0.0716317 2.34634
-0.455435 0.0715829 2.3509
-0.457905 0.071558 2.35407
-0.451565 0.0747625 2.33406
-0.446029 0.0740335 2.33561
-0.451434 0.0773887 2.33621
-0.492162 0.0924736 2.29531
-0.497638 0.094246 2.29987
-0.501662 0.0948223 2.29509
-0.473369 0.0832963 2.26583
-0.473524 0.0816994 2.27732
-0.486727 0.0879106 2.28024
-0.467188 0.0790896 2.30963
-0.47556 0.082085 2.3227
-0.484555 0.0844414 2.31161
-0.487718 0.0852939 2.29753
-0.484574 0.0840658 2.30079
-0.490026 0.0862468 2.30344
-0.483532 0.0916134 2.36134
-0.483339 0.0892043 2.36441
-0.487591 0.0929716 2.36445
-0.472566 0.0759675 2.35523
-0.468634 0.0673511 2.3609
-0.473052 0.0710841 2.35865
-0.581805 0.0990326 2.30166
-0.573078 0.100241 2.29842
-0.57552 0.104563 2.30434
-0.555865 0.0958493 2.34569
-0.533128 0.102452 2.35066
-0.563527 0.103627 2.3607
-0.496205 0.0981991 2.35993
-0.502371 0.100438 2.36247
-0.505108 0.100487 2.35831
-0.585163 0.100195 2.34444
-0.573986 0.0957454 2.3459
-0.572987 0.100593 2.35779
-0.566557 0.10004 2.32467
-0.574386 0.102631 2.31572
-0.57151 0.105684 2.30944
-0.521852 0.100943 2.29984
-0.519613 0.0987978 2.28693
-0.510157 0.0986419 2.29352
-0.475918 0.079932 2.30713
-0.46327 0.0745633 2.28417
-0.470732 0.0781845 2.28602
-0.493559 0.0864166 2.2725
-0.506135 0.0946809 2.28525
-0.509201 0.0924162 2.27371
-0.473593 0.0966951 2.33602
-0.486204 0.103393 2.33164
-0.483076 0.101084 2.32484
-0.427433 0.0696701 2.33697
-0.43609 0.0744801 2.3341
-0.42966 0.0689492 2.331
-0.463592 0.0745633 2.32768
-0.45461 0.0703817 2.32491
-0.458471 0.0714178 2.32888
-0.462787 0.077931 2.34649
-0.461246 0.074948 2.34208
-0.488604 0.0930217 2.36051
-0.459101 0.075598 2.38558
-0.460267 0.0751171 2.38131
-0.590385 0.0980491 2.31093
-0.594016 0.0806327 2.2829
-0.458076 0.0112945 2.28518
-0.459804 0.00705933 2.28914
-0.459115 0.0103079 2.2929
-0.511458 -0.0531733 2.36208
-0.509545 -0.0511712 2.35506
-0.510727 -0.0543325 2.35325
-0.471753 -0.0185253 2.34392
-0.470307 -0.018013 2.33461
-0.480774 -0.0277172 2.34685
-0.483244 -0.026328 2.33563
-0.506415 -0.0392378 2.30625
-0.488683 -0.0294723 2.29816
-0.502554 -0.0377571 2.29703
-0.478703 -0.00214269 2.26197
-0.475414 0.00770139 2.26329
-0.451598 0.0613086 2.29062
-0.452191 0.0612927 2.28302
-0.445953 0.0312748 2.34228
-0.448063 0.0421701 2.34112
-0.45152 0.0398234 2.33286
-0.435888 0.0530754 2.33938
-0.42941 0.0611478 2.33743
-0.430404 0.060344 2.33368
-0.450338 0.042472 2.33114
-0.445196 0.0429827 2.33405
-0.443287 0.0454246 2.33182
-0.447488 0.0217873 2.39963
-0.449311 0.0085206 2.39502
-0.468213 -0.00341454 2.41436
-0.480439 0.0813373 2.30461
-0.471202 -0.0126576 2.30313
-0.477141 -0.022219 2.32591
-0.466078 -0.0150232 2.32567
-0.462131 -0.00520598 2.31356
-0.449686 0.020725 2.37066
-0.448772 0.0280342 2.37213
-0.452322 0.0349521 2.37125
-0.444193 0.0463588 2.34243
-0.441004 0.0462364 2.33897
-0.448782 0.0473276 2.32817
-0.446793 0.0509447 2.32434
-0.450326 0.0415792 2.32671
-0.457574 0.021891 2.28097
-0.467995 -0.000148327 2.28247
-0.448112 0.0630549 2.27888
-0.505679 -0.0479158 2.33208
-0.479317 -0.0236441 2.32131
-0.45379 0.00283317 2.35235
-0.452535 0.0101426 2.35382
-0.452617 0.00471645 2.35092
-0.458866 0.0648398 2.368
-0.453251 0.0582897 2.37099
-0.476893 0.0974901 2.38046
-0.476888 0.0857821 2.35942
-0.477059 0.0851821 2.35419
-0.46425 0.0659212 2.36587
-0.470821 0.0915215 2.34031
-0.471324 0.0927315 2.32716
-0.503138 0.0884655 2.26974
-0.506448 0.0848606 2.26555
-0.494551 0.0779652 2.25985
-0.459226 0.0765568 2.26347
-0.462906 0.0787289 2.27554
-0.576423 0.100082 2.36309
-0.572534 0.0988068 2.36653
-0.582416 0.0999712 2.36642
-0.494691 0.094644 2.29168
-0.491004 0.0931657 2.28757
-0.461429 0.0845495 2.38466
-0.464374 0.0817998 2.38082
-0.50869 0.0883397 2.26794
-0.529776 0.101813 2.32498
-0.527126 0.10206 2.32955
-0.534059 0.100013 2.33933
-0.54303 0.100137 2.3171
-0.547358 0.0978836 2.33461
-0.565348 0.100524 2.33642
-0.581185 0.0998599 2.32868
-0.578336 0.0953388 2.33512
-0.484614 0.0835795 2.29347
-0.477566 0.0824894 2.29069
-0.474739 0.0785378 2.30194
-0.434988 0.0669331 2.32667
-0.447213 0.0681877 2.32957
-0.442562 0.0696675 2.33121
-0.465532 0.0746628 2.33388
-0.462893 0.073689 2.33205
-0.490902 0.0951984 2.35986
-0.455623 0.0670498 2.3815
-0.52788 0.0999797 2.37854
-0.517818 0.0996853 2.37479
-0.517862 0.0973144 2.39668
-0.568324 0.0983715 2.28723
-0.456142 0.0323012 2.30059
-0.451792 0.0392565 2.30055
-0.452831 0.0386897 2.29745
-0.513456 -0.056611 2.3585
-0.456881 0.000424842 2.35706
-0.458846 -0.00731159 2.34872
-0.503404 -0.0350349 2.28594
-0.502117 -0.0277912 2.26672
-0.510225 -0.0462519 2.283
-0.481453 0.0503705 2.25411
-0.47336 0.0328405 2.25384
-0.475692 0.0387017 2.25432
-0.459761 0.0197274 2.28975
-0.450764 0.00582338 2.31519
-0.461867 0.00530683 2.29727
-0.46234 -0.000272848 2.30592
-0.438452 0.0594484 2.33091
-0.442877 0.057409 2.32925
-0.450806 0.0590165 2.37974
-0.453685 0.0476478 2.37149
-0.468494 -0.00995946 2.41185
-0.453286 0.0111702 2.36688
-0.453891 0.0106359 2.36512
-0.451395 0.00746132 2.36751
-0.505859 0.041011 2.23852
-0.513165 0.0569286 2.23619
-0.60482 0.000122122 2.27563
-0.458282 0.0416117 2.36014
-0.451394 0.0353226 2.35031
-0.443251 0.0229349 2.32511
-0.443578 0.0237864 2.33832
-0.462008 0.0157431 2.3014
-0.464398 0.0180158 2.26113
-0.448006 0.0416807 2.27445
-0.477887 0.0058605 2.25711
-0.507226 -0.0474947 2.29646
-0.501726 -0.050114 2.3562
-0.501911 -0.0384667 2.34177
-0.459266 0.021637 2.30149
-0.460948 0.0187368 2.29558
-0.454188 0.00992239 2.36202
-0.453727 0.0155791 2.36226
-0.452262 0.0138652 2.35907
-0.48682 0.0925071 2.36751
-0.485977 0.0924524 2.36926
-0.484372 0.0956928 2.39757
-0.473784 0.0871665 2.40154
-0.477762 0.0828497 2.42416
-0.478556 0.0992761 2.39017
-0.486585 0.101432 2.38165
-0.474818 0.0995078 2.38682
-0.455748 0.0764061 2.33273
-0.45877 0.0767325 2.33504
-0.444961 0.0756341 2.34004
-0.466946 0.0843146 2.34381
-0.486293 0.0856955 2.29168
-0.45924 0.0724957 2.29438
-0.506164 0.0729903 2.25153
-0.496747 0.0753369 2.25748
-0.509631 0.0847867 2.25942
-0.555415 0.0874591 2.26426
-0.555699 0.095158 2.28975
-0.582281 0.0978473 2.37065
-0.449893 0.0714019 2.34668
-0.462557 0.0823191 2.38921
-0.593026 0.101143 2.321
-0.586765 0.102511 2.3135
-0.580502 0.103862 2.30664
-0.497219 0.0640298 2.24544
-0.515432 0.0640925 2.23985
-0.479249 0.0795058 2.30166
-0.485357 0.062733 2.25503
-0.487739 0.0685929 2.25488
-0.497501 0.0910853 2.28108
-0.501665 0.0975014 2.30878
-0.488904 0.100653 2.31797
-0.448519 0.0616118 2.32255
-0.434729 0.0743709 2.33781
-0.490269 0.0901455 2.42416
-0.49919 0.0928402 2.42008
-0.458933 0.0359797 2.35762
-0.455273 0.0329704 2.35397
-0.489577 -0.0378621 2.36192
-0.461756 -0.00730075 2.35516
-0.460022 -0.00570005 2.35939
-0.507103 -0.0545357 2.30475
-0.507811 -0.0550618 2.3013
-0.474709 -0.0162679 2.29641
-0.477119 -0.0196612 2.30902
-0.466243 0.00327178 2.28328
-0.44603 0.0481996 2.35022
-0.452185 0.0233369 2.35237
-0.451832 0.0226409 2.3576
-0.448084 0.0127751 2.37182
-0.447468 0.00636445 2.37705
-0.443017 0.0132629 2.37799
-0.451796 0.00603945 2.36378
-0.456338 -0.000861485 2.36167
-0.456009 -0.000147091 2.36518
-0.534965 0.0785667 2.2525
-0.547351 0.0836609 2.25918
-0.452228 0.00358073 2.37166
-0.442241 0.0523771 2.34612
-0.432622 0.0594804 2.3444
-0.453307 0.0351014 2.32925
-0.453268 0.00881024 2.30742
-0.471703 0.021156 2.25819
-0.475154 0.0216495 2.25591
-0.455409 0.0607654 2.25684
-0.452964 0.0454707 2.25699
-0.447097 0.0463999 2.26259
-0.455923 0.0302203 2.30567
-0.45897 0.0208292 2.30975
-0.45386 0.0281324 2.32112
-0.467989 -0.00620032 2.29045
-0.47484 -0.0125234 2.28367
-0.518696 -0.0531131 2.33078
-0.458191 0.0262087 2.30395
-0.460273 0.0229881 2.29997
-0.444744 0.0630353 2.32578
-0.483987 0.0822955 2.29915
-0.58538 0.100366 2.33563
-0.560369 0.0950782 2.31018
-0.541037 0.100697 2.30197
-0.490284 0.0983677 2.35366
-0.486411 0.0943698 2.35629
-0.492404 0.0988404 2.35516
-0.467992 0.0763858 2.29855
-0.466787 0.0765403 2.30164
-0.491405 0.0851619 2.2631
-0.501406 0.0913671 2.27629
-0.470174 0.0770383 2.33048
-0.455287 0.0690029 2.35685
-0.456006 0.045424 2.36527
-0.461207 0.0391989 2.3626
-0.479214 -0.0247429 2.36024
-0.515042 -0.0509334 2.34161
-0.520075 -0.0618037 2.3397
-0.447588 0.0498603 2.35629
-0.454374 0.0300058 2.35882
-0.452826 0.0498203 2.36756
-0.509042 -0.0280088 2.26089
-0.505923 -0.0194262 2.25617
-0.500615 -0.00683854 2.24999
-0.529926 -0.0660463 2.3142
-0.525979 -0.0621711 2.30624
-0.454166 0.000200185 2.39032
-0.445195 0.0410237 2.38457
-0.448682 0.049792 2.381
-0.455131 0.00625919 2.35725
-0.460269 0.0222054 2.29169
-0.458659 0.0285003 2.30111
-0.517802 -0.0608497 2.36171
-0.440701 0.0330118 2.38315
-0.504362 0.100638 2.31663
-0.514168 0.104544 2.32917
-0.516686 0.100431 2.30644
-0.476692 0.0878711 2.37263
-0.472077 0.0781836 2.3728
-0.468716 0.075711 2.37244
-0.453394 0.0770411 2.33987
-0.45554 0.0745719 2.34326
-0.483396 0.0860922 2.28285
-0.510676 0.101143 2.36464
-0.519113 0.100654 2.35902
-0.510285 0.101892 2.35614
-0.542088 0.087362 2.26354
-0.49312 0.102194 2.32435
-0.484156 0.0907809 2.35782
-0.568359 0.0972144 2.34963
-0.569896 0.0990478 2.35946
-0.600945 0.0960822 2.36167
-0.598009 0.0986849 2.35987
-0.595659 0.0949884 2.36638
-0.556745 0.0971478 2.30098
-0.457796 0.0736808 2.29713
-0.502488 0.093389 2.28592
-0.480079 0.0922453 2.35211
-0.46942 0.0673358 2.36815
-0.466465 0.0672249 2.37044
-0.442954 0.0335792 2.38778
-0.464336 0.00862513 2.27866
-0.47267 -0.0158919 2.39339
-0.47115 -0.0163479 2.37139
-0.478132 -0.0237106 2.37491
-0.509875 -0.0482808 2.34537
-0.519088 -0.0594397 2.36605
-0.470921 0.0831058 2.37375
-0.446836 0.0638603 2.2689
-0.566895 0.100945 2.30081
-0.472365 0.0669409 2.36341
-0.546136 0.102933 2.36603
-0.486126 0.0984232 2.35041
-0.477316 0.0792158 2.25978
-0.477824 0.097233 2.34138
-0.47372 0.0678629 2.36826
-0.444807 0.0331483 2.37939
-0.520292 -0.0616333 2.33089
-0.454965 0.00938348 2.35806
-0.450143 0.036711 2.30839
-0.452611 0.00147486 2.3214
-0.500227 0.100043 2.37033
-0.47387 0.0784806 2.36024
-0.488803 0.0971605 2.31001
-0.464216 0.0734483 2.25781
-0.515659 0.0897415 2.26466
-0.529673 0.100714 2.36391
-0.572307 0.105465 2.306
-0.525683 0.101084 2.31256
-0.45336 0.0142107 2.35558
-0.437925 0.0546429 2.34323
-0.456323 0.00711089 2.4287
-0.500171 0.0246219 2.23524
-0.498812 0.00605261 2.24377
-0.496776 0.0177086 2.23849
-0.45661 0.0427225 2.36972
-0.444659 0.0147728 2.33897
-0.458388 0.0321545 2.2584
-0.464564 -0.0117853 2.35281
-0.471734 -0.0171465 2.35557
-0.465192 -0.0119451 2.36133
-0.499328 -0.0189528 2.26043
-0.492769 0.101069 2.37927
-0.468213 0.0771417 2.35154
-0.445257 0.0728725 2.34377
-0.438071 0.0730275 2.3448
-0.512921 0.0804767 2.25619
-0.550178 0.0917879 2.27022
-0.498612 0.104121 2.34681
-0.503146 0.102832 2.35195
-0.595754 0.0977078 2.31899
-0.530808 -0.0664216 2.36166
-0.53005 -0.0703703 2.35492
-0.533961 -0.0706288 2.35679
-0.44929 0.0477577 2.29365
-0.468622 0.0393299 2.25632
-0.467638 0.0342927 2.25593
-0.439995 0.0129246 2.38428
-0.44726 0.00365807 2.37879
-0.443076 0.0102189 2.38759
-0.452888 0.0210046 2.42235
-0.524871 0.0708428 2.24567
-0.44952 0.0162641 2.34989
-0.43839 0.0647485 2.35454
-0.43177 0.0676807 2.34534
-0.438457 0.0575756 2.35152
-0.445195 0.0492374 2.30989
-0.490842 -0.0203911 2.2741
-0.490467 -0.015222 2.26642
-0.464391 -0.0114056 2.3656
-0.458887 -0.00533905 2.36264
-0.514928 -0.0593104 2.30186
-0.520256 -0.0630218 2.30866
-0.446093 0.0209083 2.34359
-0.443444 0.0699741 2.35188
-0.480533 0.0968296 2.31796
-0.518519 0.0934689 2.27348
-0.494993 0.104349 2.34194
-0.520317 0.10222 2.34746
-0.564423 0.105599 2.37459
-0.474877 0.0675311 2.36488
-0.474402 0.0912939 2.34565
-0.505553 0.100111 2.3767
-0.509638 0.101094 2.36889
-0.447367 0.0143695 2.31555
-0.448511 0.0277198 2.34787
-0.450754 0.0155372 2.36945
-0.440977 0.0230078 2.38893
-0.4392 0.0187005 2.38504
-0.489511 -0.0042827 2.25677
-0.586258 -0.0402952 2.28637
-0.446162 0.0281015 2.37527
-0.48355 0.0300444 2.24444
-0.494422 0.0453947 2.2459
-0.489813 -0.0269008 2.28837
-0.525569 -0.0667461 2.31609
-0.471249 -0.016946 2.36707
-0.442672 0.0195119 2.3798
-0.468782 0.0733334 2.41997
-0.465994 0.0768887 2.4
-0.451586 0.0678315 2.35882
-0.536799 0.0938751 2.27745
-0.53998 0.0986745 2.29202
-0.601884 0.0990003 2.34265
-0.604487 0.0969576 2.34159
-0.519107 0.103321 2.33816
-0.504971 0.105164 2.34078
-0.509181 0.103994 2.3463
-0.493609 0.0982689 2.39319
-0.499491 0.0991374 2.38798
-0.501529 0.100681 2.36575
-0.518391 0.100265 2.3705
-0.532817 0.0909163 2.2695
-0.468916 0.0846751 2.37693
-0.458296 -0.00420975 2.36727
-0.533006 -0.0724227 2.33764
-0.536319 -0.0726984 2.33662
-0.483683 0.0170941 2.2499
-0.483309 0.00685154 2.25403
-0.455665 0.0280363 2.28909
-0.446094 0.0210302 2.37449
-0.452023 -0.000239131 2.3763
-0.448985 0.0345984 2.39876
-0.453521 0.0215266 2.36076
-0.447372 0.0477647 2.29637
-0.532982 -0.0723888 2.3485
-0.452115 -0.0022598 2.33882
-0.449936 0.00759898 2.34777
-0.510906 -0.0562577 2.29963
-0.476165 0.0778948 2.36276
-0.471442 0.0847352 2.34954
-0.478987 0.0848443 2.36262
-0.462582 0.0369619 2.36399
-0.445688 0.0531654 2.35839
-0.453052 0.0342238 2.41883
-0.619187 0.041576 2.28877
-0.451306 0.0585624 2.38838
-0.456203 -0.00681159 2.33288
-0.462804 -0.0121575 2.34293
-0.500727 -0.0528543 2.36995
-0.468457 0.091332 2.39093
-0.470233 0.0958597 2.3873
-0.481077 0.0909293 2.37166
-0.482563 0.0713998 2.25702
-0.525045 0.0840675 2.25935
-0.501213 0.105099 2.33615
-0.544436 0.10429 2.3781
-0.47978 0.0670719 2.25713
-0.472165 0.0928426 2.38194
-0.601624 0.0984452 2.3535
-0.47801 -0.00725033 2.27053
-0.474862 0.0529714 2.25582
-0.464469 0.00234907 2.29238
-0.457662 0.0550865 2.41978
-0.459068 -0.0098092 2.33744
-0.458034 -0.00393783 2.38496
-0.448464 0.0620539 2.30821
-0.454931 0.0734453 2.3106
-0.447451 0.0607592 2.36632
-0.51037 0.0950008 2.41489
-0.513573 0.0952241 2.41005
-0.537129 -0.0730614 2.34959
-0.470458 -0.0119742 2.40691
-0.461964 -0.00826502 2.37353
-0.455078 -0.00496238 2.34365
-0.487166 -0.0382717 2.37393
-0.473811 0.0899433 2.37651
-0.449284 0.062142 2.29394
-0.456384 0.0287132 2.36132
-0.60506 0.0960056 2.35453
-0.476304 0.128517 2.36964
-0.476653 0.131297 2.37514
-0.479908 0.127583 2.37541
-0.480388 0.126865 2.36997
-0.424475 -0.0102432 2.37137
-0.419561 -0.0106526 2.37099
-0.421344 -0.00813149 2.36564
-0.425428 -0.00978366 2.36596
-0.520175 -0.0581458 2.3654
-0.519345 -0.0602073 2.36534
-0.530125 -0.0619497 2.35864
-0.529296 -0.0640112 2.35858
-0.429876 -0.00476527 2.34397
-0.42711 -0.00815292 2.35734
-0.425792 -0.0031131 2.34365
-0.423025 -0.00650076 2.35702
-0.541264 -0.0661381 2.34868
-0.524253 -0.0590153 2.35078
-0.531994 -0.0618565 2.34149
-0.546548 -0.0677231 2.34193
-0.537075 -0.0637889 2.33768
-0.543608 -0.0664323 2.33823
-0.567273 0.104277 2.36889
-0.566444 0.102216 2.36883
-0.555425 0.107316 2.3694
-0.554596 0.105254 2.36934
-0.479351 0.116143 2.34111
-0.4759 0.10671 2.3365
-0.475267 0.117795 2.34079
-0.471815 0.108362 2.33618
-0.568563 0.101167 2.37553
-0.582123 0.0958781 2.36991
-0.577854 0.0977666 2.36406
-0.475332 0.130549 2.38374
-0.542241 0.110577 2.38062
-0.540823 0.111607 2.36495
-0.556151 0.106756 2.37853
-0.541412 0.108516 2.38056
-0.478587 0.126836 2.384
-0.41895 -0.0096329 2.37963
-0.481122 -0.0413849 2.37617
-0.479704 -0.0403553 2.36049
-0.493122 -0.0475917 2.36486
-0.493847 -0.048151 2.37399
-0.433369 0.0156366 2.38268
-0.440729 0.0346008 2.38229
-0.429284 0.0172888 2.38236
-0.436645 0.0362529 2.38197
-0.505904 -0.0546237 2.37097
-0.506733 -0.0525622 2.37103
-0.523423 -0.0610768 2.35072
-0.515195 -0.0580243 2.35949
-0.494558 -0.046384 2.37405
-0.493951 -0.0455302 2.36492
-0.504614 -0.0515137 2.36433
-0.555322 0.104695 2.37847
-0.569392 0.103229 2.37559
-0.480572 0.121281 2.34766
-0.476487 0.122933 2.34734
-0.592073 0.0920742 2.36315
-0.586082 0.094714 2.35528
-0.603212 0.0878858 2.3532
-0.593824 0.0918729 2.34599
-0.608377 0.0860062 2.34644
-0.598905 0.0899405 2.34219
-0.605438 0.0872971 2.34273
-0.449677 0.0679037 2.37906
-0.456295 0.0851106 2.3834
-0.450064 0.0643984 2.36483
-0.453422 0.0694372 2.35244
-0.471948 0.122305 2.38435
-0.464108 0.103872 2.38489
-0.476564 0.126614 2.36092
-0.463506 0.0881553 2.33357
-0.4569 0.0742435 2.34165
-0.460042 0.0801514 2.33643
-0.476033 0.120653 2.38467
-0.443849 0.0534143 2.37864
-0.446843 0.056388 2.3646
-0.446031 0.0510604 2.3519
-0.4222 -0.00138508 2.38073
-0.428599 0.0017619 2.33739
-0.432727 0.0111768 2.33333
-0.440752 0.0315817 2.33191
-0.445446 0.0457653 2.34081
-0.443732 0.0395987 2.33525
-0.426285 -0.00303724 2.38105
-0.516024 -0.0559628 2.35955
-0.503785 -0.0535752 2.36427
-0.480533 -0.0382938 2.36055
-0.447934 0.0517621 2.37896
-0.450918 0.0590135 2.37832
-0.446833 0.0606656 2.378
-0.582952 0.0979396 2.36997
-0.592903 0.0941357 2.36321
-0.480648 0.124961 2.36124
-0.454149 0.0627462 2.36515
-0.452091 0.0588717 2.36704
-0.448007 0.0605239 2.36672
-0.539994 0.109546 2.36488
-0.481951 -0.0393234 2.37623
-0.423864 -0.00922355 2.38001
-0.450927 0.0547358 2.36492
-0.586912 0.0967755 2.35535
-0.578683 0.0998281 2.36412
-0.453761 0.0662515 2.37939
-0.545718 -0.0697846 2.34187
-0.540434 -0.0681996 2.34862
-0.447816 0.0379465 2.33557
-0.444837 0.0299296 2.33223
-0.599734 0.092002 2.34225
-0.606267 0.0893586 2.34279
-0.460984 0.0725914 2.34197
-0.457506 0.0677851 2.35276
-0.594653 0.0939344 2.34605
-0.44953 0.0441132 2.34114
-0.542779 -0.0684938 2.33817
-0.436812 0.00952466 2.33365
-0.450115 0.0494082 2.35222
-0.432683 0.000109743 2.33771
-0.609206 0.0880677 2.3465
-0.464127 0.0784993 2.33676
-0.46038 0.0834584 2.38372
-0.536246 -0.0658504 2.33762
-0.604041 0.0899473 2.35326
-0.467591 0.0865032 2.33389
-0.468192 0.10222 2.38521
-0.531165 -0.063918 2.34143
-0.460273 0.0229881 2.29997
-0.458893 0.0277676 2.30304
-0.458659 0.0285003 2.30111
-0.458503 0.070777 2.30356
-0.45282 0.0603944 2.30505
-0.458219 0.0707549 2.30704
-0.451609 0.0609778 2.30177
-0.449761 0.0490429 2.30292
-0.457152 0.0312767 2.30417
-0.457851 0.0318622 2.30263
-0.483987 0.0822955 2.29915
-0.479885 0.0797744 2.30362
-0.480439 0.0813373 2.30461
-0.458191 0.0262087 2.30395
-0.475943 0.0776867 2.30395
-0.479249 0.0795058 2.30166
-0.474739 0.0785378 2.30194
-0.456142 0.0323012 2.30059
-0.44949 0.0490502 2.3064
-0.476103 0.0783968 2.30555
-0.468493 0.0758721 2.30688
-0.467872 0.0754543 2.30396
-0.475918 0.079932 2.30713
-0.453367 0.0382644 2.30577
-0.450143 0.036711 2.30839
-0.455923 0.0302203 2.30567
-0.453267 0.0391423 2.3029
-0.467188 0.0790896 2.30963
-0.445195 0.0492374 2.30989
-0.454931 0.0734453 2.3106
-0.448464 0.0620539 2.30821
-0.449284 0.062142 2.29394
-0.447372 0.0477647 2.29637
-0.457796 0.0736808 2.29713
-0.451792 0.0392565 2.30055
-0.466787 0.0765403 2.30164
-0.519088 -0.0594397 2.36605
-0.530808 -0.0664216 2.36166
-0.5762 -0.0771885 2.36312
-0.468213 -0.00341454 2.41436
-0.464123 -0.00673378 2.43188
-0.456323 0.00711089 2.4287
-0.650768 -0.0196214 2.31875
-0.645548 0.0310413 2.33321
-0.658238 0.025534 2.38205
-0.564423 0.105599 2.37459
-0.542587 0.105321 2.40337
-0.561356 0.102958 2.40166
-0.622926 0.0769423 2.32752
-0.604487 0.0969576 2.34159
-0.635898 0.0712399 2.36747
-0.445994 0.0335863 2.4358
-0.453052 0.0342238 2.41883
-0.452888 0.0210046 2.42235
-0.478212 -0.00719699 2.44126
-0.459686 0.00469523 2.42992
-0.62377 -0.0601657 2.37954
-0.568612 -0.075442 2.40769
-0.48924 -0.0229577 2.44216
-0.474251 -0.020409 2.43238
-0.584625 -0.0374477 2.46874
-0.605664 -0.0536853 2.43029
-0.629646 -0.0149771 2.45023
-0.600945 0.0960822 2.36167
-0.595659 0.0949884 2.36638
-0.521512 0.0970968 2.43582
-0.504054 0.0945964 2.4453
-0.533051 0.0881028 2.45585
-0.576121 0.101418 2.40345
-0.60482 0.000122122 2.27563
-0.619187 0.041576 2.28877
-0.468494 -0.00995946 2.41185
-0.48626 -0.0307611 2.42219
-0.533961 -0.0706288 2.35679
-0.537129 -0.0730614 2.34959
-0.470458 -0.0119742 2.40691
-0.47267 -0.0158919 2.39339
-0.542441 0.0189636 2.4889
-0.483283 0.0685364 2.47112
-0.470782 0.0484542 2.46605
-0.463143 0.0778376 2.44532
-0.477533 0.0853148 2.44834
-0.477762 0.0828497 2.42416
-0.62831 0.0729863 2.41204
-0.484487 -0.0393023 2.39914
-0.487891 -0.0413109 2.40928
-0.586258 -0.0402952 2.28637
-0.472554 0.00567595 2.45354
-0.544436 0.10429 2.3781
-0.537637 0.097064 2.42594
-0.60506 0.0960056 2.35453
-0.451787 0.0181347 2.43023
-0.658577 -0.0246786 2.38419
-0.511507 -0.0594025 2.39874
-0.551806 -0.0686989 2.44331
-0.516421 -0.0388398 2.4475
-0.612342 0.0314655 2.47076
-0.589021 0.000326798 2.48557
-0.572534 0.0988068 2.36653
-0.580461 0.100608 2.38321
-0.582281 0.0978473 2.37065
-0.492662 0.089542 2.44697
-0.563642 0.0807619 2.46176
-0.513636 0.0847284 2.46358
-0.500669 0.078746 2.47182
-0.51561 -0.060802 2.37849
-0.511458 -0.0531733 2.36208
-0.61062 0.078375 2.4476
-0.517862 0.0973144 2.39668
-0.546346 0.104196 2.41354
-0.466455 0.0250803 2.46162
-0.500727 -0.0528543 2.36995
-0.490269 0.0901455 2.42416
-0.611672 -0.0531859 2.33074
-0.639248 0.0306599 2.43273
-0.468782 0.0733334 2.41997
-0.559548 0.0499483 2.48285
-0.53475 -0.0148758 2.4648
-0.45165 0.0567905 2.44415
-0.51037 0.0950008 2.41489
-0.513573 0.0952241 2.41005
-0.457662 0.0550865 2.41978
-0.49919 0.0928402 2.42008
-0.563994 -0.0704261 2.32323
-0.487166 -0.0382717 2.37393
-0.478132 -0.0237106 2.37491
-0.499822 -0.0502058 2.39718
-0.594016 0.0806327 2.2829
-0.541246 -0.0507382 2.27906
-0.52788 0.0999797 2.37854
-0.529926 -0.0660463 2.3142
-0.536319 -0.0726984 2.33662
-0.595754 0.0977078 2.31899
-0.453727 0.0155791 2.36226
-0.453891 0.0106359 2.36512
-0.450754 0.0155372 2.36945
-0.453286 0.0111702 2.36688
-0.449686 0.020725 2.37066
-0.453031 0.0308279 2.37141
-0.453521 0.0215266 2.36076
-0.456384 0.0287132 2.36132
-0.461449 0.0373526 2.36737
-0.462582 0.0369619 2.36399
-0.483339 0.0892043 2.36441
-0.481077 0.0909293 2.37166
-0.48682 0.0925071 2.36751
-0.485977 0.0924524 2.36926
-0.476692 0.0878711 2.37263
-0.478987 0.0848443 2.36262
-0.472077 0.0781836 2.3728
-0.476165 0.0778948 2.36276
-0.47372 0.0678629 2.36826
-0.474877 0.0675311 2.36488
